,training_size,number of trees,tree depth,training efficiency,testing efficiency
0,0.6,10,4,0.6191123727286635,0.6147217052089442
1,0.6,10,5,0.6266594142543896,0.6182912215394814
2,0.6,10,6,0.631418809811154,0.6196935315264782
3,0.6,10,7,0.6396967585116691,0.6205859106091125
4,0.6,10,8,0.6490965647362785,0.6209683587873843
5,0.6,10,9,0.6630687902636365,0.6218862344152367
6,0.6,11,4,0.6202002345702096,0.615308125748961
7,0.6,11,5,0.6264554401590998,0.6184696973560082
8,0.6,11,6,0.6322007105097652,0.61966803498126
9,0.6,11,7,0.6400537131784263,0.6215547793274011
10,0.6,11,8,0.6509663272764359,0.6212998138752199
11,0.6,11,9,0.6652955074705512,0.6210448484230386
12,0.6,12,4,0.6226309258724142,0.6177557940899008
13,0.6,12,5,0.627985245873774,0.6197700211621325
14,0.6,12,6,0.6338495011133586,0.6198720073430051
15,0.6,12,7,0.6409885944485051,0.6218862344152367
16,0.6,12,8,0.6522751610545461,0.6207388898804213
17,0.6,12,9,0.6673012527409019,0.6205094209734581
18,0.6,13,4,0.6236337985075895,0.619030621350807
19,0.6,13,5,0.62927708181061,0.6196935315264782
20,0.6,13,6,0.6342744471452125,0.6206369036995487
21,0.6,13,7,0.642059458448777,0.6219372275056729
22,0.6,13,8,0.6534820077850113,0.6208408760612937
23,0.6,13,9,0.669357991535075,0.6211978276943474
24,0.6,14,4,0.6244836905712975,0.6199739935238775
25,0.6,14,5,0.629804014890109,0.6199994900690956
26,0.6,14,6,0.6350393500025496,0.6218862344152367
27,0.6,14,7,0.6433852900681614,0.6220392136865455
28,0.6,14,8,0.6559806904523126,0.6226001376813441
29,0.6,14,9,0.6703778620115245,0.6216567655082736
30,0.6,15,4,0.6247046625078615,0.6203054486117131
31,0.6,15,5,0.6303649436521562,0.6199484969786594
32,0.6,15,6,0.6354812938756778,0.621529282782183
33,0.6,15,7,0.6445751389573524,0.6225491445909079
34,0.6,15,8,0.6575444918495351,0.6232120547665791
35,0.6,15,9,0.6727235641073583,0.6215547793274011
36,0.6,16,4,0.6255375567302952,0.6207643864256394
37,0.6,16,5,0.6305859155887202,0.6205094209734581
38,0.6,16,6,0.6362291988917408,0.6229570893143979
39,0.6,16,7,0.64603695330693,0.6227021238622167
40,0.6,16,8,0.658496370960888,0.6240534407587772
41,0.6,16,9,0.6741003892505651,0.6222686825935085
42,0.6,17,4,0.626693409936938,0.6214018000560924
43,0.6,17,5,0.6303649436521562,0.6203564417021493
44,0.6,17,6,0.6369601060665295,0.6236454960352872
45,0.6,17,7,0.6471928065135728,0.6228041100430891
46,0.6,17,8,0.659686219850079,0.622982585859616
47,0.6,17,9,0.676446091346399,0.6226766273169986
48,0.6,18,4,0.6268123948258572,0.6212488207847836
49,0.6,18,5,0.630874878890381,0.6201524693404044
50,0.6,18,6,0.6376230218762218,0.6233395374926698
51,0.6,18,7,0.6485186381329571,0.6226001376813441
52,0.6,18,8,0.66108004283456,0.622778613497871
53,0.6,18,9,0.677516955346671,0.6223706687743811
54,0.6,19,4,0.6275942955244684,0.6215802758726192
55,0.6,19,5,0.6315207968587989,0.6200249866143137
56,0.6,19,6,0.6385409053050263,0.6236199994900691
57,0.6,19,7,0.6486376230218762,0.6232120547665791
58,0.6,19,8,0.6637487039146028,0.622574641136126
59,0.6,19,9,0.6800496336965205,0.624206420030086
60,0.6,20,4,0.6276792847308392,0.6218097447795824
61,0.6,20,5,0.6324216824463293,0.6205859106091125
62,0.6,20,6,0.6396457649878465,0.623594502944851
63,0.6,20,7,0.6494025258792133,0.6237219856709416
64,0.6,20,8,0.665261511788003,0.6230845720404885
65,0.6,20,9,0.6817664156652106,0.6241554269396496
66,0.6,21,4,0.6281042307626932,0.6212233242395655
67,0.6,21,5,0.6337135183831654,0.6204074347925856
68,0.6,21,6,0.6399007326069589,0.6235690063996329
69,0.6,21,7,0.6504053985143887,0.6237729787613778
70,0.6,21,8,0.6662813822644524,0.6221666964126361
71,0.6,21,9,0.6835681868402713,0.6238494683970321
72,0.6,22,4,0.6288351379374819,0.6216312689630555
73,0.6,22,5,0.6341724600975676,0.621325310420438
74,0.6,22,6,0.6411245771786983,0.6233650340378879
75,0.6,22,7,0.6513572776257416,0.6241554269396496
76,0.6,22,8,0.6679811663918682,0.6239514545779047
77,0.6,22,9,0.6852679709676871,0.6242829096657403
78,0.6,23,4,0.6291580969216909,0.6221666964126361
79,0.6,23,5,0.6346993931770665,0.6218862344152367
80,0.6,23,6,0.6413115534327141,0.6232885444022335
81,0.6,23,7,0.6513232819431932,0.6252007852935927
82,0.6,23,8,0.6680831534395132,0.6241299303944315
83,0.6,23,9,0.6861008651901208,0.6244613854822672
84,0.6,24,4,0.6294640580646258,0.6222431860482904
85,0.6,24,5,0.6349543607961788,0.6220137171413274
86,0.6,24,6,0.6422804303853411,0.6243339027561765
87,0.6,24,7,0.6527171049276742,0.6253537645649014
88,0.6,24,8,0.6695959613129132,0.6250987991127203
89,0.6,24,9,0.6897044075402424,0.6247418474796665
90,0.6,25,4,0.6294470602233516,0.6221666964126361
91,0.6,25,5,0.6354982917169519,0.6219627240508911
92,0.6,25,6,0.6425523958457275,0.6246653578440121
93,0.6,25,7,0.6535669969913821,0.6252007852935927
94,0.6,25,8,0.6708707994084752,0.624639861298794
95,0.6,25,9,0.6914381873502066,0.6245378751179215
96,0.6,26,4,0.6298550084139314,0.622574641136126
97,0.6,26,5,0.6359062399075317,0.6227021238622167
98,0.6,26,6,0.6428753548299366,0.6247673440248847
99,0.6,26,7,0.6546038653091057,0.6257362127431733
100,0.6,26,8,0.6717376893134572,0.6251242956579384
101,0.6,26,9,0.6929679930648808,0.6250987991127203
102,0.6,27,4,0.6300419846679471,0.622778613497871
103,0.6,27,5,0.6363311859393856,0.6224981515004717
104,0.6,27,6,0.6448301065764648,0.624435888937049
105,0.6,27,7,0.6554027638489912,0.6249203232961934
106,0.6,27,8,0.6739984022029202,0.6249203232961934
107,0.6,27,9,0.6936989002396695,0.6250223094770658
108,0.6,28,4,0.6299569954615764,0.6229060962239616
109,0.6,28,5,0.6362801924155632,0.6228551031335254
110,0.6,28,6,0.6451700634019479,0.6247928405701028
111,0.6,28,7,0.6567455933096497,0.6254812472909921
112,0.6,28,8,0.6746783158538866,0.624639861298794
113,0.6,28,9,0.6950587275416023,0.625455750745774
114,0.6,29,4,0.6304329350172528,0.623390530583106
115,0.6,29,5,0.636365181621934,0.6226511307717805
116,0.6,29,6,0.6454420288623345,0.6242319165753041
117,0.6,29,7,0.6575104961669868,0.6258636954692639
118,0.6,29,8,0.6750012748380956,0.6247928405701028
119,0.6,29,9,0.696860498716663,0.6250733025675022
120,0.6,30,4,0.6301609695568663,0.6232630478570154
121,0.6,30,5,0.6369091125427071,0.6229060962239616
122,0.6,30,6,0.6462069317196716,0.624435888937049
123,0.6,30,7,0.6582753990243239,0.6259146885597001
124,0.6,30,8,0.6760721388383675,0.6247163509344483
125,0.6,30,9,0.6986282742091754,0.6262461436475357
126,0.6,31,4,0.630347945810882,0.6234670202187603
127,0.6,31,5,0.6373000628920127,0.6228296065883073
128,0.6,31,6,0.6468868453706379,0.6251242956579384
129,0.6,31,7,0.658496370960888,0.6262206471023176
130,0.6,31,8,0.6770410157909945,0.6245888682083578
131,0.6,31,9,0.6989342353521103,0.6262206471023176
132,0.6,32,4,0.6310618551443966,0.6237219856709416
133,0.6,32,5,0.6380479679080757,0.6234415236735422
134,0.6,32,6,0.6477707331168941,0.6253282680196833
135,0.6,32,7,0.6597202155326274,0.6257362127431733
136,0.6,32,8,0.677737927283235,0.6250733025675022
137,0.6,32,9,0.6999371079872856,0.6257362127431733
138,0.6,33,4,0.6312828270809607,0.6240279442135591
139,0.6,33,5,0.6380649657493498,0.6236199994900691
140,0.6,33,6,0.6478727201645391,0.6255577369266464
141,0.6,33,7,0.6608930665805443,0.6263226332831902
142,0.6,33,8,0.6777039316006868,0.6252262818388108
143,0.6,33,9,0.700736006527171,0.6254812472909921
144,0.6,34,4,0.6313848141286057,0.6235690063996329
145,0.6,34,5,0.6384389182573813,0.623594502944851
146,0.6,34,6,0.6478897180058133,0.6255067438362102
147,0.6,34,7,0.66108004283456,0.6268070676423345
148,0.6,34,8,0.6788937804898778,0.6246653578440121
149,0.6,34,9,0.7029797215753599,0.6255067438362102
150,0.6,35,4,0.6318947493668304,0.6237729787613778
151,0.6,35,5,0.6386768880352195,0.6240279442135591
152,0.6,35,6,0.6483656575614897,0.6255322403814283
153,0.6,35,7,0.6624908636603152,0.62713852273017
154,0.6,35,8,0.6800156380139722,0.6247418474796665
155,0.6,35,9,0.7047984905916949,0.6253537645649014
156,0.6,36,4,0.631962740731927,0.6236964891257235
157,0.6,36,5,0.6388808621305094,0.6239004614874685
158,0.6,36,6,0.6495555064506807,0.6255322403814283
159,0.6,36,7,0.6625248593428634,0.62713852273017
160,0.6,36,8,0.6806105624585678,0.6248183371153209
161,0.6,36,9,0.7074161581479153,0.625889192014482
162,0.6,37,4,0.6321327191446686,0.6236964891257235
163,0.6,37,5,0.6393228060036376,0.6239514545779047
164,0.6,37,6,0.6497424827046965,0.6260166747405727
165,0.6,37,7,0.6625588550254118,0.62713852273017
166,0.6,37,8,0.6811204976967925,0.6245888682083578
167,0.6,37,9,0.7079600890686882,0.6258636954692639
168,0.6,38,4,0.6324726759701518,0.623594502944851
169,0.6,38,5,0.6397817477180399,0.6241554269396496
170,0.6,38,6,0.6498444697523414,0.6260676678310089
171,0.6,38,7,0.6639356801686186,0.6273169985466969
172,0.6,38,8,0.6820553789668712,0.6247673440248847
173,0.6,38,9,0.7081130696401557,0.6257107161979552
174,0.6,39,4,0.6328466284781833,0.6240279442135591
175,0.6,39,5,0.6402236915911679,0.6244103923918309
176,0.6,39,6,0.6503204093080179,0.6256087300170827
177,0.6,39,7,0.6640206693749894,0.6275209709084419
178,0.6,39,8,0.6821233703319678,0.624435888937049
179,0.6,39,9,0.7086739984022029,0.6258127023788277
180,0.6,40,4,0.6328636263194575,0.6237729787613778
181,0.6,40,5,0.6405806462579252,0.6245888682083578
182,0.6,40,6,0.6509153337526135,0.6261696540118814
183,0.6,40,7,0.6642246434702793,0.6272915020014788
184,0.6,40,8,0.683007258078224,0.6243593993013946
185,0.6,40,9,0.7089799595451378,0.6257362127431733
186,0.6,41,4,0.6328976220020057,0.6238749649422504
187,0.6,41,5,0.6407846203532152,0.6250223094770658
188,0.6,41,6,0.6511193078479033,0.6261696540118814
189,0.6,41,7,0.6659414254389693,0.6273679916371332
190,0.6,41,8,0.6831602386496914,0.6242319165753041
191,0.6,41,9,0.7105777566249086,0.6257617092883915
192,0.6,42,4,0.6334755486053272,0.6240789373039953
193,0.6,42,5,0.6415835188931006,0.6246908543892302
194,0.6,42,6,0.6513402797844674,0.6264501160092807
195,0.6,42,7,0.6674032397885469,0.6275209709084419
196,0.6,42,8,0.6849450119834781,0.6254047576553377
197,0.6,42,9,0.7142152946575785,0.6250478060222839
198,0.6,43,4,0.6334245550815046,0.6237219856709416
199,0.6,43,5,0.6417195016232938,0.6246908543892302
200,0.6,43,6,0.6512552905780966,0.6259656816501364
201,0.6,43,7,0.6681171491220615,0.6278014329058412
202,0.6,43,8,0.6850130033485747,0.6250733025675022
203,0.6,43,9,0.7146572385307066,0.6254302542005559
204,0.6,44,4,0.633679522700617,0.6239259580326866
205,0.6,44,5,0.6423314239091635,0.6247673440248847
206,0.6,44,6,0.652479135149836,0.6266030952805894
207,0.6,44,7,0.668491101630093,0.6276994467249688
208,0.6,44,8,0.6859478846186534,0.6249458198414115
209,0.6,44,9,0.7148272169434482,0.6252772749292471
210,0.6,45,4,0.633577535652972,0.624435888937049
211,0.6,45,5,0.6428243613061141,0.6250223094770658
212,0.6,45,6,0.6525131308323843,0.6264501160092807
213,0.6,45,7,0.6688990498206727,0.6278524259962776
214,0.6,45,8,0.6867977766823613,0.6246653578440121
215,0.6,45,9,0.7176318607536842,0.6243593993013946
216,0.6,46,4,0.6339684860022777,0.6245123785727034
217,0.6,46,5,0.6429603440363074,0.6246908543892302
218,0.6,46,6,0.6525811221974809,0.6262716401927538
219,0.6,46,7,0.6699699138209447,0.62795441217715
220,0.6,46,8,0.6868487702061838,0.6247418474796665
221,0.6,46,9,0.7186687290714079,0.6243339027561765
222,0.6,47,4,0.6343764341928575,0.6244613854822672
223,0.6,47,5,0.6431983138141456,0.624843833660539
224,0.6,47,6,0.6527850962927708,0.626705081461462
225,0.6,47,7,0.6707008209957336,0.6276229570893144
226,0.6,47,8,0.6871547313491186,0.6251752887483746
227,0.6,47,9,0.7190256837381652,0.6246143647535759
228,0.6,48,4,0.634648399653244,0.6241809234848678
229,0.6,48,5,0.6436402576872737,0.6249713163866296
230,0.6,48,6,0.6536179905152045,0.6265266056449351
231,0.6,48,7,0.6711087691863133,0.6274699778180056
232,0.6,48,8,0.6882085975081165,0.6255067438362102
233,0.6,48,9,0.719110672944536,0.6244613854822672
234,0.6,49,4,0.6348183780659856,0.6243848958466128
235,0.6,49,5,0.6440822015604019,0.6250478060222839
236,0.6,49,6,0.6545018782614608,0.6271640192753882
237,0.6,49,7,0.67117676055141,0.6274444812727875
238,0.6,49,8,0.6884465672859547,0.625455750745774
239,0.6,49,9,0.7208954462783227,0.6251497922031565
240,0.6,50,4,0.6354133025105811,0.6246143647535759
241,0.6,50,5,0.6443881627033367,0.6252262818388108
242,0.6,50,6,0.6545528717852833,0.6271640192753882
243,0.6,50,7,0.6713127432816033,0.6273169985466969
244,0.6,50,8,0.6893984463973075,0.6249968129318477
245,0.6,50,9,0.7209294419608709,0.6252262818388108
246,0.6,51,4,0.635396304669307,0.6245378751179215
247,0.6,51,5,0.6444901497509816,0.6252007852935927
248,0.6,51,6,0.6546208631503799,0.6270620330945157
249,0.6,51,7,0.6714487260117965,0.6279289156319319
250,0.6,51,8,0.6915571722391256,0.6250987991127203
251,0.6,51,9,0.7221872822151587,0.6256087300170827
252,0.6,52,4,0.6353623089867587,0.6246143647535759
253,0.6,52,5,0.6450510785130289,0.6250987991127203
254,0.6,52,6,0.6546718566742024,0.6269600469136432
255,0.6,52,7,0.6716866957896347,0.6278269294510593
256,0.6,52,8,0.692560044874301,0.624843833660539
257,0.6,52,9,0.722119290850062,0.6256087300170827
258,0.6,53,4,0.6355152895582261,0.6246908543892302
259,0.6,53,5,0.6454420288623345,0.6255577369266464
260,0.6,53,6,0.6550118134996855,0.6269855434588614
261,0.6,53,7,0.6717376893134572,0.6278014329058412
262,0.6,53,8,0.6944468052557325,0.6250987991127203
263,0.6,53,9,0.7256378439938128,0.6249713163866296
264,0.6,54,4,0.6358042528598868,0.6247673440248847
265,0.6,54,5,0.6455780115925277,0.6255577369266464
266,0.6,54,6,0.6551647940711529,0.6265775987353713
267,0.6,54,7,0.6729955295677449,0.6277249432701869
268,0.6,54,8,0.6951947102717955,0.6251497922031565
269,0.6,54,9,0.7276605871054376,0.6258636954692639
270,0.6,55,4,0.6358042528598868,0.6252007852935927
271,0.6,55,5,0.6458839727354626,0.6257107161979552
272,0.6,55,6,0.6557257228332002,0.6275209709084419
273,0.6,55,7,0.6739644065203719,0.6280309018128044
274,0.6,55,8,0.6953136951607146,0.6251242956579384
275,0.6,55,9,0.7276775849467118,0.6259401851049183
276,0.6,56,4,0.6359402355900801,0.6248948267509753
277,0.6,56,5,0.6468188540055413,0.6259401851049183
278,0.6,56,6,0.6562186602301507,0.6271130261849519
279,0.6,56,7,0.6747803029015315,0.6281328879936768
280,0.6,56,8,0.6957386411925686,0.6251242956579384
281,0.6,56,9,0.7277965698356309,0.6258636954692639
282,0.6,57,4,0.6358892420662576,0.6249968129318477
283,0.6,57,5,0.6465978820689773,0.6258636954692639
284,0.6,57,6,0.6563716408016181,0.62754646745366
285,0.6,57,7,0.675052268361918,0.6278524259962776
286,0.6,57,8,0.6972684469072428,0.6255067438362102
287,0.6,57,9,0.7281365266611141,0.6257872058336096
288,0.6,58,4,0.6358892420662576,0.6251242956579384
289,0.6,58,5,0.6467508626404447,0.6259146885597001
290,0.6,58,6,0.6575614896908093,0.6276739501797507
291,0.6,58,7,0.6755282079175945,0.6273424950919151
292,0.6,58,8,0.6973704339548877,0.6254047576553377
293,0.6,58,9,0.7290204144073703,0.6261696540118814
294,0.6,59,4,0.6361782053679182,0.6250733025675022
295,0.6,59,5,0.6469888324182829,0.6259911781953545
296,0.6,59,6,0.658173411976679,0.6273679916371332
297,0.6,59,7,0.6754092230286753,0.6275974605440963
298,0.6,59,8,0.6988152504631912,0.625251778384029
299,0.6,59,9,0.730499226598222,0.6263481298284083
300,0.6,60,4,0.6360762183202733,0.6248948267509753
301,0.6,60,5,0.6468188540055413,0.6259911781953545
302,0.6,60,6,0.6583093947068722,0.6274189847275694
303,0.6,60,7,0.6766500654416889,0.62754646745366
304,0.6,60,8,0.6996311468443508,0.6256087300170827
305,0.6,60,9,0.7312981251381074,0.6262716401927538
306,0.6,61,4,0.6363311859393856,0.6249203232961934
307,0.6,61,5,0.6468528496880896,0.6257872058336096
308,0.6,61,6,0.6583603882306946,0.6274189847275694
309,0.6,61,7,0.6767350546480597,0.6275974605440963
310,0.6,61,8,0.7001750777651238,0.6255577369266464
311,0.6,61,9,0.733932790535602,0.6257872058336096
312,0.6,62,4,0.6365181621934014,0.6251242956579384
313,0.6,62,5,0.6476007547041526,0.6259656816501364
314,0.6,62,6,0.6583603882306946,0.6273934881823513
315,0.6,62,7,0.6768540395369788,0.62795441217715
316,0.6,62,8,0.7018918597338138,0.6255832334718645
317,0.6,62,9,0.7344597236151009,0.6258127023788277
318,0.6,63,4,0.6370280974316261,0.6255832334718645
319,0.6,63,5,0.6476857439105234,0.625889192014482
320,0.6,63,6,0.6594992435960633,0.6276739501797507
321,0.6,63,7,0.677414968299026,0.6281583845388949
322,0.6,63,8,0.7033026805595689,0.6254302542005559
323,0.6,63,9,0.7345277149801975,0.625889192014482
324,0.6,64,4,0.6370450952729003,0.6253282680196833
325,0.6,64,5,0.6478557223232649,0.6261696540118814
326,0.6,64,6,0.6599071917866431,0.6278014329058412
327,0.6,64,7,0.6773809726164777,0.6284388465362943
328,0.6,64,8,0.703421665448488,0.6255577369266464
329,0.6,64,9,0.7350206523771481,0.6253027714744652
330,0.6,65,4,0.6373850520983835,0.6255577369266464
331,0.6,65,5,0.648501640291683,0.626093164376227
332,0.6,65,6,0.6601791572470296,0.6278014329058412
333,0.6,65,7,0.6773809726164777,0.6283878534458581
334,0.6,65,8,0.7039316006867128,0.6257617092883915
335,0.6,65,9,0.7354116027264538,0.6253792611101195
336,0.6,66,4,0.6372660672094644,0.625685219652737
337,0.6,66,5,0.6485526338155054,0.6261696540118814
338,0.6,66,6,0.6601961550883038,0.6278524259962776
339,0.6,66,7,0.6786728085533137,0.6289232808954387
340,0.6,66,8,0.7050024646869848,0.6255832334718645
341,0.6,66,9,0.7362444969488875,0.6254047576553377
342,0.6,67,4,0.6376910132413184,0.625889192014482
343,0.6,67,5,0.6489605820060852,0.6258127023788277
344,0.6,67,6,0.660111165881933,0.6279799087223681
345,0.6,67,7,0.679233737315361,0.6288212947145662
346,0.6,67,8,0.7051554452584522,0.6257872058336096
347,0.6,67,9,0.7369754041236763,0.6247928405701028
348,0.6,68,4,0.638081963590624,0.6260421712857908
349,0.6,68,5,0.6492155496251976,0.6263736263736264
350,0.6,68,6,0.6600261766755622,0.6276484536345325
351,0.6,68,7,0.6800326358552464,0.6285918258076031
352,0.6,68,8,0.7062433070999983,0.6257362127431733
353,0.6,68,9,0.7379782767588516,0.6248948267509753
354,0.6,69,4,0.6378779894953341,0.6264246194640626
355,0.6,69,5,0.6495725042919549,0.6263226332831902
356,0.6,69,6,0.660111165881933,0.6282348741745494
357,0.6,69,7,0.6801346229028913,0.6285408327171669
358,0.6,69,8,0.7067702401794972,0.6252772749292471
359,0.6,69,9,0.7390151450765753,0.6252262818388108
360,0.6,70,4,0.6382859376859139,0.6267560745518982
361,0.6,70,5,0.650014448165083,0.6265775987353713
362,0.6,70,6,0.6603321378184971,0.6278779225414957
363,0.6,70,7,0.6808825279189543,0.62795441217715
364,0.6,70,8,0.7071101970049803,0.6254047576553377
365,0.6,70,9,0.7407489248865394,0.6252007852935927
366,0.6,71,4,0.6383879247335589,0.6264246194640626
367,0.6,71,5,0.6500654416889055,0.6264756125544989
368,0.6,71,6,0.661504988866414,0.6278269294510593
369,0.6,71,7,0.681715422141388,0.6279034190867138
370,0.6,71,8,0.7082320545290748,0.6259911781953545
371,0.6,71,9,0.7419557716170047,0.6250478060222839
372,0.6,72,4,0.6386768880352195,0.6264246194640626
373,0.6,72,5,0.6502014244190988,0.6265775987353713
374,0.6,72,6,0.6614369975013173,0.6279034190867138
375,0.6,72,7,0.6819023983954038,0.627750439815405
376,0.6,72,8,0.7084530264656389,0.625685219652737
377,0.6,72,9,0.7430776291410991,0.6251242956579384
378,0.6,73,4,0.638948853495606,0.6263226332831902
379,0.6,73,5,0.6501334330540022,0.6267305780066801
380,0.6,73,6,0.6620659176284612,0.6283113638102037
381,0.6,73,7,0.6820893746494195,0.6276994467249688
382,0.6,73,8,0.7085210178307355,0.6255832334718645
383,0.6,73,9,0.7450323808876272,0.6249968129318477
384,0.6,74,4,0.6390338427019768,0.626297136737972
385,0.6,74,5,0.6501674287365504,0.6266540883710258
386,0.6,74,6,0.6628648161683466,0.6282858672649856
387,0.6,74,7,0.6819363940779521,0.62795441217715
388,0.6,74,8,0.7084360286243647,0.6256342265623008
389,0.6,74,9,0.745321344189288,0.6248948267509753
390,0.6,75,4,0.6392208189559926,0.626297136737972
391,0.6,75,5,0.650337407149292,0.6271895158206063
392,0.6,75,6,0.6633067600414747,0.6281583845388949
393,0.6,75,7,0.6826673012527409,0.6278014329058412
394,0.6,75,8,0.7088609746562187,0.6259656816501364
395,0.6,75,9,0.7463072189831891,0.624843833660539
396,0.6,76,4,0.6393398038449117,0.6263991229188445
397,0.6,76,5,0.6503884006731145,0.6271130261849519
398,0.6,76,6,0.6636977103907804,0.6278014329058412
399,0.6,76,7,0.6832622256973364,0.6279799087223681
400,0.6,76,8,0.7092349271642502,0.6250223094770658
401,0.6,76,9,0.7474290765072836,0.6241044338492134
402,0.6,77,4,0.6395097822576533,0.6263226332831902
403,0.6,77,5,0.6503884006731145,0.6272150123658244
404,0.6,77,6,0.6640036715337152,0.627750439815405
405,0.6,77,7,0.6835171933164488,0.6282603707197675
406,0.6,77,8,0.7110536961805851,0.6246653578440121
407,0.6,77,9,0.7502167224762455,0.6240534407587772
408,0.6,78,4,0.6394077952100083,0.6261441574666633
409,0.6,78,5,0.6506943618160493,0.6274189847275694
410,0.6,78,6,0.6643606262004725,0.6275719639988782
411,0.6,78,7,0.6838571501419319,0.6280309018128044
412,0.6,78,8,0.712447519165066,0.6250223094770658
413,0.6,78,9,0.7503867008889871,0.6240789373039953
414,0.6,79,4,0.6396457649878465,0.6260676678310089
415,0.6,79,5,0.6508643402287909,0.6270365365492976
416,0.6,79,6,0.6647005830259557,0.6275974605440963
417,0.6,79,7,0.6838741479832061,0.6280563983580225
418,0.6,79,8,0.7130254457683874,0.6248183371153209
419,0.6,79,9,0.7517635260321939,0.6245888682083578
420,0.6,80,4,0.6396287671465724,0.6261696540118814
421,0.6,80,5,0.6509493294351617,0.6270620330945157
422,0.6,80,6,0.6647005830259557,0.6275974605440963
423,0.6,80,7,0.6845200659516242,0.6278524259962776
424,0.6,80,8,0.7130594414509357,0.6248693302057571
425,0.6,80,9,0.7529703727626591,0.6237219856709416
426,0.6,81,4,0.6400367153371522,0.6267305780066801
427,0.6,81,5,0.6517482279750472,0.6277759363606231
428,0.6,81,6,0.6648705614386973,0.6280054052675862
429,0.6,81,7,0.6852339752851387,0.6277249432701869
430,0.6,81,8,0.7139943227210145,0.6253027714744652
431,0.6,81,9,0.7539732453978345,0.6235435098544148
432,0.6,82,4,0.6400707110197005,0.626705081461462
433,0.6,82,5,0.6520201934354337,0.6278524259962776
434,0.6,82,6,0.665261511788003,0.6280563983580225
435,0.6,82,7,0.6855059407455253,0.6277249432701869
436,0.6,82,8,0.7149462018323672,0.6251242956579384
437,0.6,82,9,0.7561659669222008,0.6238494683970321
438,0.6,83,4,0.6403596743213612,0.626705081461462
439,0.6,83,5,0.6523261545783685,0.6279799087223681
440,0.6,83,6,0.665380496676922,0.6278779225414957
441,0.6,83,7,0.6856419234757186,0.6276484536345325
442,0.6,83,8,0.7163230269755742,0.624206420030086
443,0.6,83,9,0.7571178460335537,0.6240279442135591
444,0.6,84,4,0.6405296527341028,0.6268325641875526
445,0.6,84,5,0.6524961329911101,0.6280309018128044
446,0.6,84,6,0.6658564362325985,0.6275209709084419
447,0.6,84,7,0.6864578198568781,0.627750439815405
448,0.6,84,8,0.7171219255154595,0.6243084062109584
449,0.6,84,9,0.7580527273036325,0.623823971851814
450,0.6,85,4,0.640563648416651,0.6267815710971163
451,0.6,85,5,0.6527341027689484,0.6276229570893144
452,0.6,85,6,0.6657884448675018,0.6278779225414957
453,0.6,85,7,0.6866277982696197,0.6273679916371332
454,0.6,85,8,0.7169179514201697,0.6243339027561765
455,0.6,85,9,0.7599564855263382,0.623186558221361
456,0.6,86,4,0.640665635464296,0.6269090538232069
457,0.6,86,5,0.6531930444833506,0.6278014329058412
458,0.6,86,6,0.6658394383913243,0.62795441217715
459,0.6,86,7,0.687307711920586,0.6275974605440963
460,0.6,86,8,0.7182777787221023,0.6252772749292471
461,0.6,86,9,0.7614692933997382,0.6231355651309247
462,0.6,87,4,0.6409206030834084,0.6272915020014788
463,0.6,87,5,0.6532610358484473,0.6280309018128044
464,0.6,87,6,0.6657884448675018,0.6281073914484587
465,0.6,87,7,0.6883615780795839,0.6274189847275694
466,0.6,87,8,0.7196206081827607,0.624639861298794
467,0.6,87,9,0.761877241590318,0.6230590754952704
468,0.6,88,4,0.6410395879723275,0.6274699778180056
469,0.6,88,5,0.6533970185786405,0.6282348741745494
470,0.6,88,6,0.6658734340738727,0.6280818949032406
471,0.6,88,7,0.6892284679845659,0.6272150123658244
472,0.6,88,8,0.7203685131988238,0.6245888682083578
473,0.6,88,9,0.7618092502252214,0.6230080824048342
474,0.6,89,4,0.6411755707025207,0.6276994467249688
475,0.6,89,5,0.6530400639118832,0.62836235690064
476,0.6,89,6,0.6662643844231783,0.6286683154432574
477,0.6,89,7,0.6893814485560333,0.6274189847275694
478,0.6,89,8,0.720504495929017,0.6243084062109584
479,0.6,89,9,0.761877241590318,0.622982585859616
480,0.6,90,4,0.6411075793374241,0.6276229570893144
481,0.6,90,5,0.6531590488008023,0.6281583845388949
482,0.6,90,6,0.6667913175026772,0.6284388465362943
483,0.6,90,7,0.6903843211912087,0.6272150123658244
484,0.6,90,8,0.7219493124373204,0.6243593993013946
485,0.6,90,9,0.7630330947969608,0.6231100685857066
486,0.6,91,4,0.6411075793374241,0.6269855434588614
487,0.6,91,5,0.6532270401658989,0.6281583845388949
488,0.6,91,6,0.6667913175026772,0.6282858672649856
489,0.6,91,7,0.6907922693817885,0.6272660054562607
490,0.6,91,8,0.7229181893899475,0.6241554269396496
491,0.6,91,9,0.7638659890193945,0.6234670202187603
492,0.6,92,4,0.6412775577501657,0.6268835572779888
493,0.6,92,5,0.6531420509595282,0.628183881084113
494,0.6,92,6,0.6674712311536435,0.627750439815405
495,0.6,92,7,0.6909792456358043,0.6273934881823513
496,0.6,92,8,0.7240230490727677,0.6241554269396496
497,0.6,92,9,0.7644099199401676,0.6233140409474516
498,0.6,93,4,0.6418554843534872,0.626705081461462
499,0.6,93,5,0.6536349883564787,0.6285153361719487
500,0.6,93,6,0.6680321599156908,0.6276229570893144
501,0.6,93,7,0.6916761571280448,0.6269855434588614
502,0.6,93,8,0.7247199605650082,0.6243084062109584
503,0.6,93,9,0.7660077170199384,0.6235690063996329
504,0.6,94,4,0.6421274498138736,0.6269600469136432
505,0.6,94,5,0.6536009926739305,0.6284898396267306
506,0.6,94,6,0.6682871275348031,0.6271130261849519
507,0.6,94,7,0.6926450340806718,0.6268580607327707
508,0.6,94,8,0.7255188591048937,0.6239514545779047
509,0.6,94,9,0.7665176522581633,0.6235690063996329
510,0.6,95,4,0.642161445496422,0.6270875296397338
511,0.6,95,5,0.6535669969913821,0.628183881084113
512,0.6,95,6,0.6686270843602863,0.6273169985466969
513,0.6,95,7,0.6934439326205571,0.6269600469136432
514,0.6,95,8,0.7258928116129252,0.6244103923918309
515,0.6,95,9,0.7666196393058081,0.6230845720404885
516,0.6,96,4,0.6421954411789703,0.6271130261849519
517,0.6,96,5,0.6537199775628495,0.6278524259962776
518,0.6,96,6,0.6690180347095919,0.6272915020014788
519,0.6,96,7,0.6941238462715236,0.6269600469136432
520,0.6,96,8,0.7260117965018442,0.6242319165753041
521,0.6,96,9,0.7666366371470823,0.6230845720404885
522,0.6,97,4,0.6421954411789703,0.6270875296397338
523,0.6,97,5,0.6537199775628495,0.62795441217715
524,0.6,97,6,0.6700888987098639,0.6276994467249688
525,0.6,97,7,0.6945147966208292,0.6273934881823513
526,0.6,97,8,0.7266747123115365,0.6238494683970321
527,0.6,97,9,0.7666706328296307,0.6231610616761429
528,0.6,98,4,0.6421954411789703,0.6269600469136432
529,0.6,98,5,0.6543488976899934,0.6280563983580225
530,0.6,98,6,0.6703778620115245,0.6275719639988782
531,0.6,98,7,0.6951267189066989,0.6272405089110425
532,0.6,98,8,0.7267936972004555,0.6237984753065959
533,0.6,98,9,0.7666196393058081,0.6230335789500523
534,0.6,99,4,0.6420934541313253,0.6268325641875526
535,0.6,99,5,0.6548588329282181,0.6280818949032406
536,0.6,99,6,0.6709387907735718,0.6276994467249688
537,0.6,99,7,0.6954836735734562,0.626934550368425
538,0.6,99,8,0.7273036324386802,0.6239514545779047
539,0.6,99,9,0.7668916047661947,0.6229060962239616
540,0.6,100,4,0.6421444476551478,0.6268070676423345
541,0.6,100,5,0.6550968027060563,0.628183881084113
542,0.6,100,6,0.6710577756624909,0.6276994467249688
543,0.6,100,7,0.6958576260814876,0.6268835572779888
544,0.6,100,8,0.7280175417721949,0.6237474822161597
545,0.6,100,9,0.7686593802587072,0.6227276204074348
546,0.6,101,4,0.6423654195917119,0.6267560745518982
547,0.6,101,5,0.655062807023508,0.62836235690064
548,0.6,101,6,0.6711597627101358,0.6277249432701869
549,0.6,101,7,0.6958746239227618,0.6268580607327707
550,0.6,101,8,0.7281875201849365,0.623594502944851
551,0.6,101,9,0.7703081708623005,0.6230590754952704
552,0.6,102,4,0.6426543828933725,0.6266030952805894
553,0.6,102,5,0.6555387465791844,0.6278779225414957
554,0.6,102,6,0.6713127432816033,0.6273679916371332
555,0.6,102,7,0.6959086196053101,0.6268835572779888
556,0.6,102,8,0.7284424878040489,0.6234670202187603
557,0.6,102,9,0.7707331168941545,0.6232375513117973
558,0.6,103,4,0.6426373850520983,0.6265521021901532
559,0.6,103,5,0.6557427206744744,0.6278779225414957
560,0.6,103,6,0.6713977324879741,0.6273679916371332
561,0.6,103,7,0.6970474749706788,0.6266540883710258
562,0.6,103,8,0.7284764834865972,0.6236199994900691
563,0.6,103,9,0.7708351039417994,0.6231100685857066
564,0.6,104,4,0.6427903656235658,0.6263736263736264
565,0.6,104,5,0.6558277098808452,0.6276484536345325
566,0.6,104,6,0.6718396763611021,0.6280309018128044
567,0.6,104,7,0.6976763950978225,0.6266030952805894
568,0.6,104,8,0.728663459740613,0.6236709925805053
569,0.6,104,9,0.7716000067991365,0.6228296065883073
570,0.6,105,4,0.6427903656235658,0.6262716401927538
571,0.6,105,5,0.6558957012459418,0.6275974605440963
572,0.6,105,6,0.6722986180755044,0.6276739501797507
573,0.6,105,7,0.6977273886216451,0.6267305780066801
574,0.6,105,8,0.728663459740613,0.6237219856709416
575,0.6,105,9,0.7736567455933097,0.6224981515004717
576,0.6,106,4,0.6427393720997433,0.6265266056449351
577,0.6,106,5,0.6556917271506518,0.6276739501797507
578,0.6,106,6,0.6730635209328415,0.6276484536345325
579,0.6,106,7,0.6979143648756608,0.626705081461462
580,0.6,106,8,0.7291903928201119,0.6236709925805053
581,0.6,106,9,0.7749995750539681,0.622345172229163
582,0.6,107,4,0.6429603440363074,0.6267560745518982
583,0.6,107,5,0.6558787034046676,0.6276994467249688
584,0.6,107,6,0.6738284237901786,0.6274444812727875
585,0.6,107,7,0.6984922914789822,0.6266795849162439
586,0.6,107,8,0.7298873043123524,0.6231610616761429
587,0.6,107,9,0.775305536196903,0.6222941791387268
588,0.6,108,4,0.6435722663221771,0.6266540883710258
589,0.6,108,5,0.656031683976135,0.6275974605440963
590,0.6,108,6,0.6744743417585967,0.6281328879936768
591,0.6,108,7,0.6984922914789822,0.6266540883710258
592,0.6,108,8,0.7306182114871411,0.6228551031335254
593,0.6,108,9,0.7754925124509188,0.6222176895030723
594,0.6,109,4,0.6440482058778535,0.6265266056449351
595,0.6,109,5,0.6567625911509238,0.6276484536345325
596,0.6,109,6,0.6745763288062416,0.628183881084113
597,0.6,109,7,0.6984073022726114,0.6266540883710258
598,0.6,109,8,0.7309071747888018,0.6225236480456898
599,0.6,109,9,0.7770563138481413,0.6220902067769817
600,0.6,110,4,0.6442011864493209,0.6269600469136432
601,0.6,110,5,0.6569835630874878,0.6274189847275694
602,0.6,110,6,0.6745423331236933,0.6281583845388949
603,0.6,110,7,0.6991552072886743,0.6266540883710258
604,0.6,110,8,0.7324199826622019,0.6222431860482904
605,0.6,110,9,0.7774302663561727,0.6219627240508911
606,0.6,111,4,0.6442861756556917,0.6269600469136432
607,0.6,111,5,0.657204535024052,0.6272150123658244
608,0.6,111,6,0.6746613180126124,0.6280309018128044
609,0.6,111,7,0.6992062008124968,0.6264246194640626
610,0.6,111,8,0.732759939487685,0.6222176895030723
611,0.6,111,9,0.7784671346738964,0.6221921929578542
612,0.6,112,4,0.6442351821318693,0.6269855434588614
613,0.6,112,5,0.6573745134367935,0.6272150123658244
614,0.6,112,6,0.6753242338223046,0.6278524259962776
615,0.6,112,7,0.699648144685625,0.6264246194640626
616,0.6,112,8,0.7336948207577637,0.6223196756839449
617,0.6,112,9,0.7803198993727797,0.6226511307717805
618,0.6,113,4,0.6445071475922558,0.6270110400040795
619,0.6,113,5,0.6575614896908093,0.6273679916371332
620,0.6,113,6,0.6756131971239653,0.6283368603554218
621,0.6,113,7,0.700192075606398,0.6262461436475357
622,0.6,113,8,0.7346127041865683,0.6225236480456898
623,0.6,113,9,0.7809148238173752,0.6224471584100354
624,0.6,114,4,0.6445581411160782,0.6269855434588614
625,0.6,114,5,0.6575954853733575,0.6273424950919151
626,0.6,114,6,0.6761741258860124,0.6286173223528212
627,0.6,114,7,0.7004470432255103,0.626297136737972
628,0.6,114,8,0.7350376502184223,0.6228551031335254
629,0.6,114,9,0.780897825976101,0.6224981515004717
630,0.6,115,4,0.644643130322449,0.6269855434588614
631,0.6,115,5,0.6576294810559059,0.6272405089110425
632,0.6,115,6,0.6767010589655114,0.6285153361719487
633,0.6,115,7,0.7010759633526542,0.6267815710971163
634,0.6,115,8,0.7353096156788088,0.6233395374926698
635,0.6,115,9,0.7834984956910472,0.6225236480456898
636,0.6,116,4,0.6446091346399008,0.6266540883710258
637,0.6,116,5,0.6576804745797283,0.6271895158206063
638,0.6,116,6,0.6766670632829631,0.6286428188980393
639,0.6,116,7,0.7010759633526542,0.6267305780066801
640,0.6,116,8,0.7354116027264538,0.6235180133091967
641,0.6,116,9,0.7851302884533664,0.6224726549552536
642,0.6,117,4,0.6446771260049974,0.6267560745518982
643,0.6,117,5,0.6585473644847104,0.6271640192753882
644,0.6,117,6,0.6772449898862845,0.6280309018128044
645,0.6,117,7,0.7016878856385239,0.6266030952805894
646,0.6,117,8,0.7358195509170335,0.6234415236735422
647,0.6,117,9,0.785198279818463,0.6223706687743811
648,0.6,118,4,0.6446941238462716,0.6268070676423345
649,0.6,118,5,0.6584623752783396,0.626934550368425
650,0.6,118,6,0.6773979704577519,0.6283368603554218
651,0.6,118,7,0.7017558770036205,0.6265775987353713
652,0.6,118,8,0.7361085142186943,0.6234415236735422
653,0.6,118,9,0.7852322755010114,0.6224726549552536
654,0.6,119,4,0.644745117370094,0.6270365365492976
655,0.6,119,5,0.6584453774370654,0.6269600469136432
656,0.6,119,6,0.6779079056959766,0.6287448050789118
657,0.6,119,7,0.7019258554163621,0.6261696540118814
658,0.6,119,8,0.7372813652666111,0.6234415236735422
659,0.6,119,9,0.7853852560724788,0.6222686825935085
660,0.6,120,4,0.6449490914653839,0.6274954743632238
661,0.6,120,5,0.6585133688021622,0.626934550368425
662,0.6,120,6,0.6782478625214597,0.6287193085336937
663,0.6,120,7,0.7023677992894902,0.6261696540118814
664,0.6,120,8,0.7383522292668832,0.6234670202187603
665,0.6,120,9,0.7861841546123642,0.6220647102317636
666,0.6,121,4,0.6451700634019479,0.6274444812727875
667,0.6,121,5,0.6584283795957914,0.6271895158206063
668,0.6,121,6,0.6786728085533137,0.6287193085336937
669,0.6,121,7,0.7032686848770207,0.6261696540118814
670,0.6,121,8,0.7387771752987371,0.6235180133091967
671,0.6,121,9,0.7874249970253778,0.6218862344152367
672,0.6,122,4,0.6451870612432221,0.6274699778180056
673,0.6,122,5,0.6587513385800003,0.6272660054562607
674,0.6,122,6,0.6788597848073294,0.6284133499910762
675,0.6,122,7,0.7032346891944723,0.6261951505570995
676,0.6,122,8,0.7386751882510921,0.6235690063996329
677,0.6,122,9,0.7876969624857643,0.6218097447795824
678,0.6,123,4,0.6453400418146895,0.6273679916371332
679,0.6,123,5,0.6586323536910812,0.6273934881823513
680,0.6,123,6,0.6788257891247812,0.6284643430815124
681,0.6,123,7,0.7040165898930836,0.6258636954692639
682,0.6,123,8,0.7397800479339124,0.6236709925805053
683,0.6,123,9,0.7903146300419847,0.6216567655082736
684,0.6,124,4,0.6453060461321413,0.6273934881823513
685,0.6,124,5,0.658598358008533,0.6274189847275694
686,0.6,124,6,0.6792507351566351,0.6284388465362943
687,0.6,124,7,0.7042375618296476,0.6259146885597001
688,0.6,124,8,0.739848039299009,0.6236964891257235
689,0.6,124,9,0.7908075674389352,0.6212488207847836
690,0.6,125,4,0.6454590267036087,0.6274954743632238
691,0.6,125,5,0.6588873213101936,0.6272405089110425
692,0.6,125,6,0.6797436725535857,0.6284643430815124
693,0.6,125,7,0.7043055531947443,0.6258127023788277
694,0.6,125,8,0.7407999184103619,0.6230335789500523
695,0.6,125,9,0.7911815199469667,0.6213763035108743
696,0.6,126,4,0.6457989835290918,0.6275974605440963
697,0.6,126,5,0.6588363277863711,0.6272915020014788
698,0.6,126,6,0.6802876034743588,0.628183881084113
699,0.6,126,7,0.7043735445598409,0.6257362127431733
700,0.6,126,8,0.7416158147915215,0.6234925167639784
701,0.6,126,9,0.791861433597933,0.6211468346039112
702,0.6,127,4,0.6456120072750761,0.6273424950919151
703,0.6,127,5,0.6593292651833217,0.6274189847275694
704,0.6,127,6,0.6806445581411161,0.6281583845388949
705,0.6,127,7,0.7046965035440499,0.6257362127431733
706,0.6,127,8,0.7427546701568901,0.622778613497871
707,0.6,127,9,0.7921333990583196,0.621325310420438
708,0.6,128,4,0.6456120072750761,0.6273169985466969
709,0.6,128,5,0.65936326086587,0.6273934881823513
710,0.6,128,6,0.680627560299842,0.6281328879936768
711,0.6,128,7,0.7046965035440499,0.6257362127431733
712,0.6,128,8,0.7435875643793238,0.6231355651309247
713,0.6,128,9,0.7926603321378185,0.6212743173300018
714,0.6,129,4,0.6455780115925277,0.6274699778180056
715,0.6,129,5,0.6593462630245959,0.6274189847275694
716,0.6,129,6,0.6810015128078734,0.6280054052675862
717,0.6,129,7,0.7052234366235488,0.6259656816501364
718,0.6,129,8,0.7445394434906767,0.6231355651309247
719,0.6,129,9,0.793459230677704,0.6207643864256394
720,0.6,130,4,0.6460709489894784,0.6273679916371332
721,0.6,130,5,0.6594992435960633,0.6273169985466969
722,0.6,130,6,0.6810525063316959,0.6280309018128044
723,0.6,130,7,0.7058523567506927,0.6260421712857908
724,0.6,130,8,0.7451003722527239,0.6237474822161597
725,0.6,130,9,0.7944791011541534,0.6210448484230386
726,0.6,131,4,0.6462749230847682,0.6276739501797507
727,0.6,131,5,0.6596012306437082,0.6272660054562607
728,0.6,131,6,0.6811374955380667,0.6280309018128044
729,0.6,131,7,0.7061583178936275,0.626093164376227
730,0.6,131,8,0.7466471758086723,0.6236709925805053
731,0.6,131,9,0.7948360558209108,0.6209428622421662
732,0.6,132,4,0.645934966259285,0.6271640192753882
733,0.6,132,5,0.6597202155326274,0.6273424950919151
734,0.6,132,6,0.6812224847444375,0.6280309018128044
735,0.6,132,7,0.7064642790365624,0.6261951505570995
736,0.6,132,8,0.7475650592374768,0.6233650340378879
737,0.6,132,9,0.795940915503731,0.6209938553326024
738,0.6,133,4,0.64603695330693,0.6271640192753882
739,0.6,133,5,0.6600941680406588,0.6272150123658244
740,0.6,133,6,0.6815284458873723,0.6279289156319319
741,0.6,133,7,0.7070592034811579,0.6262206471023176
742,0.6,133,8,0.747803029015315,0.6234925167639784
743,0.6,133,9,0.7970627730278255,0.6205604140638944
744,0.6,134,4,0.6459519641005592,0.6271640192753882
745,0.6,134,5,0.6601621594057555,0.6274189847275694
746,0.6,134,6,0.6818004113477588,0.6276994467249688
747,0.6,134,7,0.7074671516717377,0.6264501160092807
748,0.6,134,8,0.7489078886981353,0.6230590754952704
749,0.6,134,9,0.7986095765837739,0.6204329313378038
750,0.6,135,4,0.6461219425133008,0.6273934881823513
751,0.6,135,5,0.6603491356597712,0.6275719639988782
752,0.6,135,6,0.6818004113477588,0.6277249432701869
753,0.6,135,7,0.7085380156720097,0.6265775987353713
754,0.6,135,8,0.7493668304125376,0.6228805996787435
755,0.6,135,9,0.7993574815998368,0.621095841513475
756,0.6,136,4,0.6460709489894784,0.6272660054562607
757,0.6,136,5,0.6609440601043668,0.6276739501797507
758,0.6,136,6,0.6822593530621611,0.6279034190867138
759,0.6,136,7,0.709319916370621,0.6260676678310089
760,0.6,136,8,0.7494348217776342,0.622778613497871
761,0.6,136,9,0.800666315377947,0.6214527931465287
762,0.6,137,4,0.6460879468307525,0.6272915020014788
763,0.6,137,5,0.6612670190885758,0.6275209709084419
764,0.6,137,6,0.6831602386496914,0.6276484536345325
765,0.6,137,7,0.7094728969420884,0.6260166747405727
766,0.6,137,8,0.7499107613333107,0.622982585859616
767,0.6,137,9,0.8011082592510751,0.6218097447795824
768,0.6,138,4,0.646138940354575,0.6273169985466969
769,0.6,138,5,0.661301014771124,0.6272150123658244
770,0.6,138,6,0.6835681868402713,0.6280054052675862
771,0.6,138,7,0.7103907803708929,0.6253282680196833
772,0.6,138,8,0.7506246706668254,0.6228296065883073
773,0.6,138,9,0.8023660995053629,0.6219627240508911
774,0.6,139,4,0.646138940354575,0.6273169985466969
775,0.6,139,5,0.6614199996600432,0.6273679916371332
776,0.6,139,6,0.6840271285546735,0.6274444812727875
777,0.6,139,7,0.7106967415138278,0.625251778384029
778,0.6,139,8,0.7514915605718073,0.6227531169526529
779,0.6,139,9,0.803997892267682,0.6211723311491293
780,0.6,140,4,0.6461049446720266,0.6272915020014788
781,0.6,140,5,0.6614539953425915,0.6273424950919151
782,0.6,140,6,0.6842311026499635,0.6275974605440963
783,0.6,140,7,0.710934711291666,0.6250733025675022
784,0.6,140,8,0.7529703727626591,0.6237984753065959
785,0.6,140,9,0.8045588210297292,0.620713393335203
786,0.6,141,4,0.646461899338784,0.6273169985466969
787,0.6,141,5,0.6616239737553331,0.6277249432701869
788,0.6,141,6,0.68450306811035,0.6275974605440963
789,0.6,141,7,0.710832724244021,0.6249968129318477
790,0.6,141,8,0.7533613231119648,0.6239259580326866
791,0.6,141,9,0.8048817800139382,0.6200249866143137
792,0.6,142,4,0.6468698475293637,0.6273679916371332
793,0.6,142,5,0.6616919651204297,0.6278269294510593
794,0.6,142,6,0.6846900443643658,0.6274954743632238
795,0.6,142,7,0.7113936530060683,0.624639861298794
796,0.6,142,8,0.753395318794513,0.6239259580326866
797,0.6,142,9,0.8054257109347113,0.619464062619515
798,0.6,143,4,0.6469378388944604,0.6270875296397338
799,0.6,143,5,0.6618279478506229,0.6276994467249688
800,0.6,143,6,0.6855739321106219,0.6269855434588614
801,0.6,143,7,0.7115466335775357,0.6246908543892302
802,0.6,143,8,0.7537692713025446,0.6241809234848678
803,0.6,143,9,0.8067685403953698,0.6196425384360419
804,0.6,144,4,0.6471758086722986,0.62713852273017
805,0.6,144,5,0.6619129370569937,0.6277759363606231
806,0.6,144,6,0.6857779062059118,0.6269600469136432
807,0.6,144,7,0.7116316227839065,0.6248948267509753
808,0.6,144,8,0.7541602216518503,0.6236964891257235
809,0.6,144,9,0.8085533137291564,0.6192600902577701
810,0.6,145,4,0.6475837568628784,0.6279289156319319
811,0.6,145,5,0.6622358960412028,0.6278014329058412
812,0.6,145,6,0.6858119018884602,0.62713852273017
813,0.6,145,7,0.712124560180857,0.6248693302057571
814,0.6,145,8,0.75456816984243,0.6235435098544148
815,0.6,145,9,0.8088082813482688,0.6197700211621325
816,0.6,146,4,0.6476177525454268,0.6279289156319319
817,0.6,146,5,0.6623378830888477,0.627750439815405
818,0.6,146,6,0.6860328738250242,0.6268835572779888
819,0.6,146,7,0.7123965256412436,0.6245123785727034
820,0.6,146,8,0.7556220360014279,0.6244103923918309
821,0.6,146,9,0.8088082813482688,0.6197955177073506
822,0.6,147,4,0.6476177525454268,0.6279289156319319
823,0.6,147,5,0.662371878771396,0.6277759363606231
824,0.6,147,6,0.685998878142476,0.6268580607327707
825,0.6,147,7,0.7123965256412436,0.6245633716631397
826,0.6,147,8,0.7570668525097313,0.6238494683970321
827,0.6,147,9,0.8094541993166868,0.6195660488003876
828,0.6,148,4,0.6476177525454268,0.6279034190867138
829,0.6,148,5,0.6624568679777668,0.6276484536345325
830,0.6,148,6,0.6863388349679591,0.626501109099717
831,0.6,148,7,0.7124135234825177,0.6247418474796665
832,0.6,148,8,0.7572198330811987,0.6237474822161597
833,0.6,148,9,0.8094372014754126,0.6196170418908238
834,0.6,149,4,0.6476857439105234,0.6278269294510593
835,0.6,149,5,0.6624398701364926,0.6276994467249688
836,0.6,149,6,0.6862708436028624,0.6266285918258077
837,0.6,149,7,0.7136713637368054,0.624843833660539
838,0.6,149,8,0.7579847359385358,0.6235180133091967
839,0.6,149,9,0.8094541993166868,0.6196170418908238
840,0.6,150,4,0.6476857439105234,0.6279034190867138
841,0.6,150,5,0.6624908636603152,0.6277249432701869
842,0.6,150,6,0.687086739984022,0.6264756125544989
843,0.6,150,7,0.7135863745304346,0.6250987991127203
844,0.6,150,8,0.7586816474307763,0.6239769511231228
845,0.6,150,9,0.8094541993166868,0.61966803498126
846,0.6,151,4,0.6480596964185549,0.6281328879936768
847,0.6,151,5,0.6625078615015892,0.627750439815405
848,0.6,151,6,0.6871207356665704,0.626501109099717
849,0.6,151,7,0.7141643011337561,0.6252262818388108
850,0.6,151,8,0.7592595740340977,0.6241554269396496
851,0.6,151,9,0.8094541993166868,0.6195915453456057
852,0.6,152,4,0.6480936921011031,0.6279034190867138
853,0.6,152,5,0.6626608420730568,0.6279799087223681
854,0.6,152,6,0.6872057248729412,0.6263991229188445
855,0.6,152,7,0.7146742363719808,0.625251778384029
856,0.6,152,8,0.7593785589230168,0.6240024476683409
857,0.6,152,9,0.8103210892216689,0.6188776420794982
858,0.6,153,4,0.6480936921011031,0.6279289156319319
859,0.6,153,5,0.6627798269619758,0.6279799087223681
860,0.6,153,6,0.6872737162380378,0.6265266056449351
861,0.6,153,7,0.714810219102174,0.6252262818388108
862,0.6,153,8,0.7595145416532101,0.6241554269396496
863,0.6,153,9,0.8107630330947969,0.6192600902577701
864,0.6,154,4,0.6482296748312965,0.6278524259962776
865,0.6,154,5,0.6627798269619758,0.6278269294510593
866,0.6,154,6,0.6873587054444086,0.6266285918258077
867,0.6,154,7,0.7148612126259964,0.6252262818388108
868,0.6,154,8,0.7593615610817426,0.6242574131205222
869,0.6,154,9,0.81151093811086,0.6187501593534076
870,0.6,155,4,0.6486376230218762,0.6279034190867138
871,0.6,155,5,0.6632387686763781,0.6279034190867138
872,0.6,155,6,0.687307711920586,0.6268580607327707
873,0.6,155,7,0.7148442147847224,0.6251242956579384
874,0.6,155,8,0.7594635481293875,0.6240789373039953
875,0.6,155,9,0.8117489078886981,0.6188521455342801
876,0.6,156,4,0.6485866294980538,0.6280563983580225
877,0.6,156,5,0.6632557665176523,0.6279034190867138
878,0.6,156,6,0.6873417076031344,0.6268580607327707
879,0.6,156,7,0.7155241284356887,0.6246653578440121
880,0.6,156,8,0.759939487685064,0.6240279442135591
881,0.6,156,9,0.8123948258571162,0.6189286351699345
882,0.6,157,4,0.648824599275892,0.6279799087223681
883,0.6,157,5,0.6634087470891197,0.6276484536345325
884,0.6,157,6,0.6875966752222468,0.6270875296397338
885,0.6,157,7,0.7161530485628326,0.6247673440248847
886,0.6,157,8,0.7598544984786932,0.6238494683970321
887,0.6,157,9,0.812377828015842,0.6189796282603707
888,0.6,158,4,0.6491135625775527,0.6278524259962776
889,0.6,158,5,0.6635957233431354,0.6275719639988782
890,0.6,158,6,0.68773265795244,0.6270620330945157
891,0.6,158,7,0.7163910183406708,0.6245888682083578
892,0.6,158,8,0.7601944553041764,0.6240024476683409
893,0.6,158,9,0.8130577416668083,0.6190816144412432
894,0.6,159,4,0.6495045129268583,0.6278779225414957
895,0.6,159,5,0.6638506909622478,0.62713852273017
896,0.6,159,6,0.6877666536349883,0.6270620330945157
897,0.6,159,7,0.7167819686899763,0.6247418474796665
898,0.6,159,8,0.760687392701127,0.6243084062109584
899,0.6,159,9,0.8134656898573881,0.6194895591647331
900,0.6,160,4,0.6495555064506807,0.6276739501797507
901,0.6,160,5,0.6636467168669579,0.6273169985466969
902,0.6,160,6,0.6877836514762625,0.6270620330945157
903,0.6,160,7,0.7167989665312505,0.6245633716631397
904,0.6,160,8,0.7608403732725944,0.6241044338492134
905,0.6,160,9,0.8135846747463072,0.619234593712552
906,0.6,161,4,0.6497594805459707,0.6276229570893144
907,0.6,161,5,0.6639016844860702,0.6274444812727875
908,0.6,161,6,0.6882595910319389,0.6272405089110425
909,0.6,161,7,0.7172409104043787,0.624843833660539
910,0.6,161,8,0.7611803300980775,0.6237219856709416
911,0.6,161,9,0.8133467049684691,0.6194385660742969
912,0.6,162,4,0.6497084870221482,0.6276484536345325
913,0.6,162,5,0.6640376672162636,0.6272915020014788
914,0.6,162,6,0.6880046234128265,0.6267305780066801
915,0.6,162,7,0.717495878023491,0.6247673440248847
916,0.6,162,8,0.7612653193044483,0.623390530583106
917,0.6,162,9,0.8141795991909028,0.61966803498126
918,0.6,163,4,0.6497764783872448,0.6279034190867138
919,0.6,163,5,0.664190647787731,0.6271640192753882
920,0.6,163,6,0.6882935867144873,0.6267560745518982
921,0.6,163,7,0.717597865071136,0.6243339027561765
922,0.6,163,8,0.7623191854634461,0.6233140409474516
923,0.6,163,9,0.8148085193180467,0.6194130695290788
924,0.6,164,4,0.6504223963556628,0.6280563983580225
925,0.6,164,5,0.664190647787731,0.6269855434588614
926,0.6,164,6,0.6887865241114378,0.6269855434588614
927,0.6,164,7,0.7179038262140708,0.6242319165753041
928,0.6,164,8,0.7627101358127518,0.6232120547665791
929,0.6,164,9,0.8160493617310601,0.6188776420794982
930,0.6,165,4,0.6505923747684044,0.6282093776293313
931,0.6,165,5,0.6641566521051826,0.626934550368425
932,0.6,165,6,0.6892284679845659,0.6264246194640626
933,0.6,165,7,0.7186177355475855,0.6244613854822672
934,0.6,165,8,0.7627951250191226,0.6231100685857066
935,0.6,165,9,0.8172902041440737,0.6187246628081895
936,0.6,166,4,0.6506093726096785,0.6282603707197675
937,0.6,166,5,0.6642076456290051,0.626934550368425
938,0.6,166,6,0.6895854226513233,0.6260676678310089
939,0.6,166,7,0.7199265693256957,0.6241554269396496
940,0.6,166,8,0.7634580408288147,0.6232630478570154
941,0.6,166,9,0.8175111760806377,0.6186736697177533
942,0.6,167,4,0.6507283574985977,0.628183881084113
943,0.6,167,5,0.6642076456290051,0.6269600469136432
944,0.6,167,6,0.6894664377624041,0.626297136737972
945,0.6,167,7,0.7202495283099046,0.6248183371153209
946,0.6,167,8,0.7640529652734103,0.623186558221361
947,0.6,167,9,0.8192279580493277,0.6183167180846996
948,0.6,168,4,0.6507283574985977,0.6280818949032406
949,0.6,168,5,0.664411619724295,0.6270110400040795
950,0.6,168,6,0.6896024204925975,0.6261696540118814
951,0.6,168,7,0.7207254678655811,0.6247673440248847
952,0.6,168,8,0.7640869609559586,0.6231610616761429
953,0.6,168,9,0.8193809386207952,0.6178322837255552
954,0.6,169,4,0.6507113596573235,0.6286173223528212
955,0.6,169,5,0.6650745355339872,0.6274189847275694
956,0.6,169,6,0.6897384032227907,0.626093164376227
957,0.6,169,7,0.7209974333259676,0.6244103923918309
958,0.6,169,8,0.7650048443847631,0.6239769511231228
959,0.6,169,9,0.8195169213509884,0.6179342699064276
960,0.6,170,4,0.6509323315938875,0.6286173223528212
961,0.6,170,5,0.6650915333752614,0.6273679916371332
962,0.6,170,6,0.689874385952984,0.6257617092883915
963,0.6,170,7,0.7213033944689025,0.6242574131205222
964,0.6,170,8,0.7663136781628733,0.623390530583106
965,0.6,170,9,0.8205027961448896,0.6188011524438438
966,0.6,171,4,0.6508133467049685,0.6287193085336937
967,0.6,171,5,0.6649895463276164,0.62713852273017
968,0.6,171,6,0.6900273665244514,0.6258636954692639
969,0.6,171,7,0.7218473253896756,0.624206420030086
970,0.6,171,8,0.7669935918138396,0.622574641136126
971,0.6,171,9,0.820757763764002,0.6189541317151526
972,0.6,172,4,0.6507793510224201,0.6284898396267306
973,0.6,172,5,0.6651935204229062,0.6272150123658244
974,0.6,172,6,0.6903333276673862,0.6259401851049183
975,0.6,172,7,0.72276520881848,0.6241299303944315
976,0.6,172,8,0.7678264860362733,0.6226766273169986
977,0.6,172,9,0.8218116299229998,0.6188776420794982
978,0.6,173,4,0.6511023100066291,0.6282858672649856
979,0.6,173,5,0.6653465009943738,0.6270875296397338
980,0.6,173,6,0.6907242780166919,0.6257107161979552
981,0.6,173,7,0.7229011915486733,0.6241299303944315
982,0.6,173,8,0.7678264860362733,0.622345172229163
983,0.6,173,9,0.8218966191293706,0.6187246628081895
984,0.6,174,4,0.651187299213,0.6283878534458581
985,0.6,174,5,0.6653125053118254,0.6270875296397338
986,0.6,174,6,0.6907752715405143,0.6257362127431733
987,0.6,174,7,0.7231221634852374,0.6236964891257235
988,0.6,174,8,0.7692713025445769,0.622574641136126
989,0.6,174,9,0.8228654960819975,0.6189031386247164
990,0.6,175,4,0.6510513164828067,0.6284133499910762
991,0.6,175,5,0.6653634988356478,0.6267305780066801
992,0.6,175,6,0.6907922693817885,0.6257362127431733
993,0.6,175,7,0.7234961159932689,0.6236709925805053
994,0.6,175,8,0.7701721881321072,0.6221666964126361
995,0.6,175,9,0.823766381669528,0.6190816144412432
996,0.6,176,4,0.651187299213,0.6288212947145662
997,0.6,176,5,0.665482483724567,0.6268835572779888
998,0.6,176,6,0.6907752715405143,0.6257107161979552
999,0.6,176,7,0.7241250361204127,0.6237219856709416
1000,0.6,176,8,0.7705121449575904,0.6222431860482904
1001,0.6,176,9,0.824735258622155,0.6183932077203539
1002,0.6,177,4,0.6515442538797572,0.62877030162413
1003,0.6,177,5,0.6655164794071153,0.626934550368425
1004,0.6,177,6,0.6915741700803998,0.625685219652737
1005,0.6,177,7,0.7241760296442352,0.6236454960352872
1006,0.6,177,8,0.7713620370212982,0.6219627240508911
1007,0.6,177,9,0.825381176590573,0.618622676627317
1008,0.6,178,4,0.651731230133773,0.6285408327171669
1009,0.6,178,5,0.6655164794071153,0.6269600469136432
1010,0.6,178,6,0.691812139858238,0.6257107161979552
1011,0.6,178,7,0.7243460080569768,0.6237474822161597
1012,0.6,178,8,0.7720419506722647,0.6215037862369649
1013,0.6,178,9,0.8266220190035866,0.6181127457229545
1014,0.6,179,4,0.6518672128639663,0.6284898396267306
1015,0.6,179,5,0.6655164794071153,0.6269855434588614
1016,0.6,179,6,0.6918631333820605,0.6257107161979552
1017,0.6,179,7,0.724380003739525,0.6236454960352872
1018,0.6,179,8,0.7727048664819568,0.6216057724178374
1019,0.6,179,9,0.8277608743689552,0.6180617526325183
1020,0.6,180,4,0.6521051826418045,0.6285153361719487
1021,0.6,180,5,0.6655164794071153,0.6269855434588614
1022,0.6,180,6,0.6925090513504785,0.6257107161979552
1023,0.6,180,7,0.7246009756760892,0.6234670202187603
1024,0.6,180,8,0.7731978038789074,0.6218352413248005
1025,0.6,180,9,0.8278968570991484,0.6175518217281558
1026,0.6,181,4,0.6522071696894495,0.6284388465362943
1027,0.6,181,5,0.6655334772483894,0.6270620330945157
1028,0.6,181,6,0.6925770427155751,0.6257362127431733
1029,0.6,181,7,0.7250259217079431,0.6232375513117973
1030,0.6,181,8,0.7732827930852781,0.6216312689630555
1031,0.6,181,9,0.8282878074484541,0.6176283113638102
1032,0.6,182,4,0.6522411653719977,0.6284643430815124
1033,0.6,182,5,0.6655334772483894,0.6270620330945157
1034,0.6,182,6,0.6926280362393976,0.6257362127431733
1035,0.6,182,7,0.7256038483112645,0.6232885444022335
1036,0.6,182,8,0.774234672196631,0.6219117309604548
1037,0.6,182,9,0.8285937685913889,0.6175518217281558
1038,0.6,183,4,0.6521561761656269,0.62836235690064
1039,0.6,183,5,0.6657714470262277,0.6270620330945157
1040,0.6,183,6,0.6926450340806718,0.625685219652737
1041,0.6,183,7,0.7256038483112645,0.6230080824048342
1042,0.6,183,8,0.7747616052761299,0.6218862344152367
1043,0.6,183,9,0.8293076779249036,0.6172713597307565
1044,0.6,184,4,0.6520201934354337,0.6282093776293313
1045,0.6,184,5,0.6660434124866143,0.6273424950919151
1046,0.6,184,6,0.6932739542078156,0.6259911781953545
1047,0.6,184,7,0.7256038483112645,0.6229570893143979
1048,0.6,184,8,0.7750845642603389,0.6217587516891461
1049,0.6,184,9,0.8293076779249036,0.6172458631855383
1050,0.6,185,4,0.6519522020703371,0.628183881084113
1051,0.6,185,5,0.6664003671533715,0.6271640192753882
1052,0.6,185,6,0.6934269347792831,0.6257107161979552
1053,0.6,185,7,0.7257228332001836,0.6229315927691798
1054,0.6,185,8,0.7751865513079839,0.6219882205961093
1055,0.6,185,9,0.8299026023694991,0.6169399046429209
1056,0.6,186,4,0.6520031955941595,0.6283113638102037
1057,0.6,186,5,0.6663833693120974,0.6271895158206063
1058,0.6,186,6,0.6934439326205571,0.6258636954692639
1059,0.6,186,7,0.7259268072954734,0.6229060962239616
1060,0.6,186,8,0.7751525556254356,0.6219882205961093
1061,0.6,186,9,0.8318403562747531,0.6175518217281558
1062,0.6,187,4,0.6521901718481753,0.6281073914484587
1063,0.6,187,5,0.6666383369312098,0.6270365365492976
1064,0.6,187,6,0.6942088354778944,0.6257107161979552
1065,0.6,187,7,0.7264537403749723,0.6230590754952704
1066,0.6,187,8,0.7761214325780625,0.6220392136865455
1067,0.6,187,9,0.8327072461797351,0.6176283113638102
1068,0.6,188,4,0.652054189117982,0.6281328879936768
1069,0.6,188,5,0.6670462851217895,0.6269090538232069
1070,0.6,188,6,0.6944638030970067,0.6259146885597001
1071,0.6,188,7,0.7264367425336982,0.6230080824048342
1072,0.6,188,8,0.7776512382927369,0.6221666964126361
1073,0.6,188,9,0.8341010691642161,0.6180107595420821
1074,0.6,189,4,0.6522241675307237,0.6284388465362943
1075,0.6,189,5,0.6670292872805154,0.6269600469136432
1076,0.6,189,6,0.6947357685573932,0.6259146885597001
1077,0.6,189,7,0.7269636756131971,0.6227531169526529
1078,0.6,189,8,0.7776512382927369,0.6221157033221998
1079,0.6,189,9,0.83472998929136,0.6180107595420821
1080,0.6,190,4,0.6522411653719977,0.6285918258076031
1081,0.6,190,5,0.6670122894392412,0.6269600469136432
1082,0.6,190,6,0.6945827879859258,0.626297136737972
1083,0.6,190,7,0.7269296799306488,0.6229570893143979
1084,0.6,190,8,0.7777022318165593,0.6220392136865455
1085,0.6,190,9,0.8355458856725196,0.6177302975446827
1086,0.6,191,4,0.6522921588958203,0.628566329262385
1087,0.6,191,5,0.6672842548996277,0.6270365365492976
1088,0.6,191,6,0.6948377556050381,0.626093164376227
1089,0.6,191,7,0.7269636756131971,0.623186558221361
1090,0.6,191,8,0.7777872210229301,0.6220392136865455
1091,0.6,191,9,0.8355628835137937,0.617985262996864
1092,0.6,192,4,0.6523601502609169,0.628566329262385
1093,0.6,192,5,0.6675222246774659,0.626934550368425
1094,0.6,192,6,0.6951607145892472,0.6261696540118814
1095,0.6,192,7,0.7269806734544713,0.6232375513117973
1096,0.6,192,8,0.778110180007139,0.6220647102317636
1097,0.6,192,9,0.8364807669425983,0.6178832768159914
1098,0.6,193,4,0.652479135149836,0.6285918258076031
1099,0.6,193,5,0.6675902160425626,0.626934550368425
1100,0.6,193,6,0.6951947102717955,0.6256342265623008
1101,0.6,193,7,0.7273036324386802,0.6232885444022335
1102,0.6,193,8,0.7792150396899594,0.6218862344152367
1103,0.6,193,9,0.838809471197158,0.6169908977333571
1104,0.6,194,4,0.6524111437847393,0.6285918258076031
1105,0.6,194,5,0.6676752052489334,0.6268835572779888
1106,0.6,194,6,0.6953986843670854,0.625685219652737
1107,0.6,194,7,0.7274396151688736,0.623186558221361
1108,0.6,194,8,0.7796399857218134,0.6217842482343643
1109,0.6,194,9,0.839132430181367,0.6167614288263941
1110,0.6,195,4,0.6525811221974809,0.6282348741745494
1111,0.6,195,5,0.6681001512807874,0.6270875296397338
1112,0.6,195,6,0.695364688684537,0.6257362127431733
1113,0.6,195,7,0.7280345396134691,0.6231355651309247
1114,0.6,195,8,0.780030936071119,0.6218352413248005
1115,0.6,195,9,0.8397103567846883,0.6166084495550853
1116,0.6,196,4,0.6525811221974809,0.6282348741745494
1117,0.6,196,5,0.6681001512807874,0.6268580607327707
1118,0.6,196,6,0.6961295915418741,0.625889192014482
1119,0.6,196,7,0.7280515374547433,0.6231355651309247
1120,0.6,196,8,0.7813907633730516,0.6221666964126361
1121,0.6,196,9,0.8411891689755401,0.6164554702837766
1122,0.6,197,4,0.6526661114038517,0.6283878534458581
1123,0.6,197,5,0.6686270843602863,0.6272150123658244
1124,0.6,197,6,0.6962995699546157,0.625889192014482
1125,0.6,197,7,0.7283405007564039,0.6228551031335254
1126,0.6,197,8,0.7822576532780336,0.6209938553326024
1127,0.6,197,9,0.8417500977375874,0.6165064633742128
1128,0.6,198,4,0.6526831092451258,0.62836235690064
1129,0.6,198,5,0.6689330455032211,0.6279034190867138
1130,0.6,198,6,0.6966395267800989,0.625455750745774
1131,0.6,198,7,0.7301422719314647,0.6231355651309247
1132,0.6,198,8,0.7827675885162584,0.6211213380586931
1133,0.6,198,9,0.8421070524043447,0.6163279875576859
1134,0.6,199,4,0.6527171049276742,0.62836235690064
1135,0.6,199,5,0.6689330455032211,0.6279034190867138
1136,0.6,199,6,0.6966735224626472,0.6255322403814283
1137,0.6,199,7,0.7303122503442063,0.622982585859616
1138,0.6,199,8,0.7833115194370315,0.6211723311491293
1139,0.6,199,9,0.84290595094423,0.6167869253716122
1140,0.6,200,4,0.6528360898165932,0.6282603707197675
1141,0.6,200,5,0.6690010368683177,0.6276994467249688
1142,0.6,200,6,0.6967075181451956,0.6255067438362102
1143,0.6,200,7,0.7303972395505771,0.6229315927691798
1144,0.6,200,8,0.783685471945063,0.6211213380586931
1145,0.6,200,9,0.84462273291292,0.6167104357359577
1146,0.6,201,4,0.6529550747055124,0.6283368603554218
1147,0.6,201,5,0.6688990498206727,0.6275974605440963
1148,0.6,201,6,0.6965205418911798,0.6257872058336096
1149,0.6,201,7,0.7305162244394962,0.6228296065883073
1150,0.6,201,8,0.7852152776597372,0.6204074347925856
1151,0.6,201,9,0.845370637928983,0.6168889115524846
1152,0.6,202,4,0.6530570617531574,0.6283113638102037
1153,0.6,202,5,0.6690180347095919,0.6278014329058412
1154,0.6,202,6,0.6963335656371641,0.625889192014482
1155,0.6,202,7,0.7307711920586085,0.6227276204074348
1156,0.6,202,8,0.7855892301677687,0.6206369036995487
1157,0.6,202,9,0.8455066206591763,0.6168889115524846
1158,0.6,203,4,0.6532950315309956,0.6283368603554218
1159,0.6,203,5,0.6690860260746885,0.6277249432701869
1160,0.6,203,6,0.6964865462086315,0.6258127023788277
1161,0.6,203,7,0.7311111488840917,0.6226766273169986
1162,0.6,203,8,0.7857082150566878,0.620713393335203
1163,0.6,203,9,0.8455576141829988,0.6169399046429209
1164,0.6,204,4,0.6536519861977529,0.62836235690064
1165,0.6,204,5,0.6690690282334144,0.6276994467249688
1166,0.6,204,6,0.6966905203039214,0.6257107161979552
1167,0.6,204,7,0.7313151229793816,0.6229060962239616
1168,0.6,204,8,0.7857592085805103,0.6208663726065118
1169,0.6,204,9,0.8456086077068212,0.6169908977333571
1170,0.6,205,4,0.6536349883564787,0.6282858672649856
1171,0.6,205,5,0.6691030239159627,0.6276994467249688
1172,0.6,205,6,0.697081470653227,0.6258381989240458
1173,0.6,205,7,0.7317060733286873,0.6227531169526529
1174,0.6,205,8,0.7861501589298159,0.6203309451569312
1175,0.6,205,9,0.8467304652309157,0.6165064633742128
1176,0.6,206,4,0.6537029797215753,0.6282603707197675
1177,0.6,206,5,0.66945997858272,0.62754646745366
1178,0.6,206,6,0.6970304771294046,0.6257872058336096
1179,0.6,206,7,0.7333718617735547,0.6228551031335254
1180,0.6,206,8,0.7866430963267665,0.6203564417021493
1181,0.6,206,9,0.8474783702469786,0.6167359322811758
1182,0.6,207,4,0.6538389624517686,0.6282603707197675
1183,0.6,207,5,0.6695789634716391,0.6273424950919151
1184,0.6,207,6,0.6971154663357754,0.626501109099717
1185,0.6,207,7,0.7341877581547144,0.6229570893143979
1186,0.6,207,8,0.7871530315649913,0.6203054486117131
1187,0.6,207,9,0.8480053033264775,0.6157925601081053
1188,0.6,208,4,0.6537879689279461,0.6278269294510593
1189,0.6,208,5,0.6696979483605582,0.6278014329058412
1190,0.6,208,6,0.69782937566929,0.6260166747405727
1191,0.6,208,7,0.7350546480596964,0.6223961653195992
1192,0.6,208,8,0.7877479560095868,0.62007597970475
1193,0.6,208,9,0.8484472471996056,0.6158690497437597
1194,0.6,209,4,0.6537199775628495,0.6280054052675862
1195,0.6,209,5,0.6698679267732998,0.6273169985466969
1196,0.6,209,6,0.6977443864629193,0.6263226332831902
1197,0.6,209,7,0.735326613520083,0.6224216618648173
1198,0.6,209,8,0.7879689279461508,0.6199994900690956
1199,0.6,209,9,0.8484302493583314,0.6156650773820147
1200,0.6,210,4,0.653991943023236,0.6280818949032406
1201,0.6,210,5,0.6702418792813313,0.6273424950919151
1202,0.6,210,6,0.6979653583994833,0.6264246194640626
1203,0.6,210,7,0.7355135897740986,0.6222686825935085
1204,0.6,210,8,0.7880199214699734,0.6198720073430051
1205,0.6,210,9,0.8484982407234282,0.615920042834196
1206,0.6,211,4,0.6540089408645102,0.6279034190867138
1207,0.6,211,5,0.6707008209957336,0.6273934881823513
1208,0.6,211,6,0.6980843432884024,0.626501109099717
1209,0.6,211,7,0.735972531488501,0.622345172229163
1210,0.6,211,8,0.7884278696605531,0.61966803498126
1211,0.6,211,9,0.8485322364059764,0.6159710359246322
1212,0.6,212,4,0.6540429365470585,0.6278779225414957
1213,0.6,212,5,0.6706838231544594,0.6273679916371332
1214,0.6,212,6,0.6984243001138856,0.6268070676423345
1215,0.6,212,7,0.7359895293297751,0.6226256342265623
1216,0.6,212,8,0.7884448675018273,0.6196425384360419
1217,0.6,212,9,0.8491781543743945,0.6159455393794141
1218,0.6,213,4,0.6541449235947034,0.6279289156319319
1219,0.6,213,5,0.6707688123608302,0.6273679916371332
1220,0.6,213,6,0.6988662439870137,0.626934550368425
1221,0.6,213,7,0.7367204365045639,0.6221666964126361
1222,0.6,213,8,0.7886658394383913,0.6195660488003876
1223,0.6,213,9,0.8496200982475226,0.6160220290150684
1224,0.6,214,4,0.6541619214359776,0.6278779225414957
1225,0.6,214,5,0.6709217929322976,0.6273424950919151
1226,0.6,214,6,0.6993591813839642,0.6268835572779888
1227,0.6,214,7,0.736941408441128,0.6224981515004717
1228,0.6,214,8,0.7891077833115194,0.6194895591647331
1229,0.6,214,9,0.8500110485968282,0.6162260013768135
1230,0.6,215,4,0.6541619214359776,0.6279034190867138
1231,0.6,215,5,0.6709047950910234,0.6273679916371332
1232,0.6,215,6,0.699648144685625,0.6269855434588614
1233,0.6,215,7,0.7374683415206269,0.6224726549552536
1234,0.6,215,8,0.7900256667403239,0.619464062619515
1235,0.6,215,9,0.8503000118984889,0.616124015195941
1236,0.6,216,4,0.6541789192772518,0.6280054052675862
1237,0.6,216,5,0.670853801567201,0.6273679916371332
1238,0.6,216,6,0.6995971511618024,0.6268580607327707
1239,0.6,216,7,0.7376553177746427,0.6224726549552536
1240,0.6,216,8,0.7905356019785488,0.6194895591647331
1241,0.6,216,9,0.8508269449779878,0.6157925601081053
1242,0.6,217,4,0.6542809063248968,0.6280054052675862
1243,0.6,217,5,0.6712107562339583,0.6273679916371332
1244,0.6,217,6,0.6995971511618024,0.6268580607327707
1245,0.6,217,7,0.738335231425609,0.6223961653195992
1246,0.6,217,8,0.7906545868674678,0.6194895591647331
1247,0.6,217,9,0.8510479169145518,0.6157925601081053
1248,0.6,218,4,0.6543828933725417,0.6280818949032406
1249,0.6,218,5,0.6712787475990549,0.6272660054562607
1250,0.6,218,6,0.6995801533205283,0.626705081461462
1251,0.6,218,7,0.7385901990447213,0.622574641136126
1252,0.6,218,8,0.7914874810899016,0.6194895591647331
1253,0.6,218,9,0.8515068586289541,0.6156650773820147
1254,0.6,219,4,0.6542469106423484,0.628566329262385
1255,0.6,219,5,0.6712277540752325,0.6267560745518982
1256,0.6,219,6,0.7000050993523822,0.6262716401927538
1257,0.6,219,7,0.7389811493940269,0.6222686825935085
1258,0.6,219,8,0.7914874810899016,0.6192600902577701
1259,0.6,219,9,0.8518978089782597,0.6154866015654878
1260,0.6,220,4,0.6544508847376383,0.6284388465362943
1261,0.6,220,5,0.6713977324879741,0.6265521021901532
1262,0.6,220,6,0.7004130475429621,0.6260676678310089
1263,0.6,220,7,0.7391851234893169,0.6226511307717805
1264,0.6,220,8,0.7918104400741106,0.6193110833482063
1265,0.6,220,9,0.8529516751372576,0.6160985186507228
1266,0.6,221,4,0.6546038653091057,0.6283878534458581
1267,0.6,221,5,0.6716866957896347,0.6267305780066801
1268,0.6,221,6,0.7007020108446227,0.6260421712857908
1269,0.6,221,7,0.7395930716798966,0.6226511307717805
1270,0.6,221,8,0.7923033774710612,0.6188521455342801
1271,0.6,221,9,0.8542605089153678,0.6151551464776522
1272,0.6,222,4,0.6545698696265574,0.6283878534458581
1273,0.6,222,5,0.6718396763611021,0.626705081461462
1274,0.6,222,6,0.7010249698288318,0.6261441574666633
1275,0.6,222,7,0.7409019054580068,0.6219372275056729
1276,0.6,222,8,0.7933912393126072,0.6188521455342801
1277,0.6,222,9,0.8547024527884959,0.6150531602967798
1278,0.6,223,4,0.6545698696265574,0.6281328879936768
1279,0.6,223,5,0.672043650456392,0.6269855434588614
1280,0.6,223,6,0.7012459417653958,0.6263481298284083
1281,0.6,223,7,0.7407999184103619,0.6217077585987099
1282,0.6,223,8,0.7940371572810253,0.619030621350807
1283,0.6,223,9,0.8549744182488824,0.6150786568419979
1284,0.6,224,4,0.6546208631503799,0.6282858672649856
1285,0.6,224,5,0.671822678519828,0.626934550368425
1286,0.6,224,6,0.7014669137019599,0.6262716401927538
1287,0.6,224,7,0.7407149292039911,0.6219372275056729
1288,0.6,224,8,0.7944451054716051,0.619030621350807
1289,0.6,224,9,0.8558413081538645,0.6151806430228705
1290,0.6,225,4,0.6546378609916541,0.6283113638102037
1291,0.6,225,5,0.6719416634087471,0.6269600469136432
1292,0.6,225,6,0.7015519029083307,0.6264501160092807
1293,0.6,225,7,0.7408849076167326,0.6217842482343643
1294,0.6,225,8,0.7952779996940389,0.6191326075316794
1295,0.6,225,9,0.8573541160272645,0.6148236913898166
1296,0.6,226,4,0.6546208631503799,0.6283878534458581
1297,0.6,226,5,0.6720606482976662,0.6268835572779888
1298,0.6,226,6,0.7015858985908789,0.6264501160092807
1299,0.6,226,7,0.7408849076167326,0.6217842482343643
1300,0.6,226,8,0.7951420169638456,0.6196425384360419
1301,0.6,226,9,0.8574561030749095,0.6150531602967798
1302,0.6,227,4,0.6546208631503799,0.6283878534458581
1303,0.6,227,5,0.6720946439802146,0.6270365365492976
1304,0.6,227,6,0.7016878856385239,0.626501109099717
1305,0.6,227,7,0.7414968299026024,0.6214272966013106
1306,0.6,227,8,0.7951250191225714,0.6195150557099514
1307,0.6,227,9,0.8578810491067634,0.6151296499324341
1308,0.6,228,4,0.6546378609916541,0.6282858672649856
1309,0.6,228,5,0.6726215770597134,0.6272405089110425
1310,0.6,228,6,0.7017048834797981,0.6266030952805894
1311,0.6,228,7,0.7417857932042631,0.6215547793274011
1312,0.6,228,8,0.7960259047101018,0.6191581040768975
1313,0.6,228,9,0.8584079821862624,0.6149001810254711
1314,0.6,229,4,0.6544678825789125,0.6283368603554218
1315,0.6,229,5,0.6727235641073583,0.6272150123658244
1316,0.6,229,6,0.7019088575750879,0.6265775987353713
1317,0.6,229,7,0.742108752188472,0.6212998138752199
1318,0.6,229,8,0.7960089068688276,0.6193110833482063
1319,0.6,229,9,0.8589689109483095,0.6150786568419979
1320,0.6,230,4,0.6547568458805731,0.6284388465362943
1321,0.6,230,5,0.6727405619486325,0.6271895158206063
1322,0.6,230,6,0.702350801448216,0.6263736263736264
1323,0.6,230,7,0.7421597457122946,0.6215802758726192
1324,0.6,230,8,0.796042902551376,0.6193875729838607
1325,0.6,230,9,0.8594108548214376,0.6147726982993804
1326,0.6,231,4,0.654739848039299,0.6288722878050024
1327,0.6,231,5,0.6728255511550033,0.6271130261849519
1328,0.6,231,6,0.7024697863371352,0.6262716401927538
1329,0.6,231,7,0.7427546701568901,0.6215037862369649
1330,0.6,231,8,0.7961278917577468,0.6192090971673339
1331,0.6,231,9,0.8603117404089681,0.6146962086637261
1332,0.6,232,4,0.6547568458805731,0.6288722878050024
1333,0.6,232,5,0.6729105403613741,0.62713852273017
1334,0.6,232,6,0.702452788495861,0.6262716401927538
1335,0.6,232,7,0.7431626183474699,0.6215802758726192
1336,0.6,232,8,0.7961278917577468,0.619234593712552
1337,0.6,232,9,0.8612636195203209,0.6142372708497998
1338,0.6,233,4,0.6549778178171373,0.62877030162413
1339,0.6,233,5,0.6729785317264707,0.6269600469136432
1340,0.6,233,6,0.7024867841784094,0.626297136737972
1341,0.6,233,7,0.7432476075538407,0.6213508069656561
1342,0.6,233,8,0.796161887440295,0.6193875729838607
1343,0.6,233,9,0.8612636195203209,0.6144157466663267
1344,0.6,234,4,0.6549268242933147,0.6288467912597843
1345,0.6,234,5,0.6737434345838078,0.6266795849162439
1346,0.6,234,6,0.7024867841784094,0.6262716401927538
1347,0.6,234,7,0.7435535686967755,0.6216057724178374
1348,0.6,234,8,0.7971477622341963,0.6192600902577701
1349,0.6,234,9,0.8612636195203209,0.6143902501211086
1350,0.6,235,4,0.6549438221345889,0.6288212947145662
1351,0.6,235,5,0.6738284237901786,0.6272150123658244
1352,0.6,235,6,0.7026397647498768,0.6262716401927538
1353,0.6,235,7,0.7436725535856946,0.6215547793274011
1354,0.6,235,8,0.7974877190596794,0.6198210142525687
1355,0.6,235,9,0.8617225612347232,0.6143902501211086
1356,0.6,236,4,0.6549948156584113,0.6288212947145662
1357,0.6,236,5,0.6742023762982101,0.6270875296397338
1358,0.6,236,6,0.7025717733847802,0.6261441574666633
1359,0.6,236,7,0.7445904370144991,0.621095841513475
1360,0.6,236,8,0.7974707212184052,0.6194130695290788
1361,0.6,236,9,0.8626064489809794,0.6140078019428368
1362,0.6,237,4,0.6550288113409597,0.6288212947145662
1363,0.6,237,5,0.6742193741394843,0.6270875296397338
1364,0.6,237,6,0.7027247539562476,0.6261441574666633
1365,0.6,237,7,0.7448624024748857,0.621095841513475
1366,0.6,237,8,0.7978956672502592,0.619234593712552
1367,0.6,237,9,0.8626574425048019,0.6140332984880549
1368,0.6,238,4,0.6551647940711529,0.6287448050789118
1369,0.6,238,5,0.6746273223300641,0.6271895158206063
1370,0.6,238,6,0.7029287280515375,0.6257107161979552
1371,0.6,238,7,0.7454743247607554,0.6209173656969481
1372,0.6,238,8,0.7980146521391783,0.619030621350807
1373,0.6,238,9,0.8626404446635277,0.6138803192167461
1374,0.6,239,4,0.6551307983886047,0.6286173223528212
1375,0.6,239,5,0.6747123115364349,0.62713852273017
1376,0.6,239,6,0.7038636093216162,0.6255577369266464
1377,0.6,239,7,0.7458482772687869,0.6207388898804213
1378,0.6,239,8,0.7980826435042749,0.6190051248055889
1379,0.6,239,9,0.8632013734255749,0.6131664159506387
1380,0.6,240,4,0.6550798048647821,0.6287193085336937
1381,0.6,240,5,0.6746443201713382,0.6272405089110425
1382,0.6,240,6,0.7044075402423892,0.6261951505570995
1383,0.6,240,7,0.7460182556815285,0.6211723311491293
1384,0.6,240,8,0.7980826435042749,0.6189541317151526
1385,0.6,240,9,0.863847291393993,0.613038933224548
1386,0.6,241,4,0.6550798048647821,0.6287448050789118
1387,0.6,241,5,0.6750692662031922,0.6268070676423345
1388,0.6,241,6,0.7046795057027757,0.626093164376227
1389,0.6,241,7,0.7464941952372048,0.6211723311491293
1390,0.6,241,8,0.7980826435042749,0.6189796282603707
1391,0.6,241,9,0.8642892352671211,0.6128859539532393
1392,0.6,242,4,0.6550798048647821,0.6286938119884755
1393,0.6,242,5,0.6753582295048529,0.6268325641875526
1394,0.6,242,6,0.7047304992265983,0.6262461436475357
1395,0.6,242,7,0.746511193078479,0.6211978276943474
1396,0.6,242,8,0.7980656456630008,0.6189541317151526
1397,0.6,242,9,0.8644252179973143,0.6133448917671656
1398,0.6,243,4,0.6549098264520405,0.6282348741745494
1399,0.6,243,5,0.675477214393772,0.626934550368425
1400,0.6,243,6,0.705461406401387,0.6263991229188445
1401,0.6,243,7,0.7470721218405263,0.6214018000560924
1402,0.6,243,8,0.7986605701075964,0.6192600902577701
1403,0.6,243,9,0.8643742244734919,0.6133958848576018
1404,0.6,244,4,0.6552497832775237,0.628183881084113
1405,0.6,244,5,0.6755282079175945,0.6270110400040795
1406,0.6,244,6,0.7054954020839354,0.6264501160092807
1407,0.6,244,7,0.747684044126396,0.6209683587873843
1408,0.6,244,8,0.7992045010283694,0.6193110833482063
1409,0.6,244,9,0.8644422158385885,0.6135233675836924
1410,0.6,245,4,0.6552157875949755,0.6282093776293313
1411,0.6,245,5,0.6756981863303361,0.6270875296397338
1412,0.6,245,6,0.7058523567506927,0.6263481298284083
1413,0.6,245,7,0.7478710203804116,0.621325310420438
1414,0.6,245,8,0.7995614556951267,0.6191836006221157
1415,0.6,245,9,0.8644422158385885,0.6134723744932562
1416,0.6,246,4,0.6555557444204586,0.62836235690064
1417,0.6,246,5,0.6758851625843518,0.6270875296397338
1418,0.6,246,6,0.7057843653855961,0.6263991229188445
1419,0.6,246,7,0.7484149513011847,0.6211978276943474
1420,0.6,246,8,0.800445343441383,0.6185206904464445
1421,0.6,246,9,0.8644932093624109,0.6135488641289105
1422,0.6,247,4,0.6555557444204586,0.6283113638102037
1423,0.6,247,5,0.6755961992826911,0.6270365365492976
1424,0.6,247,6,0.7058183610681443,0.6261696540118814
1425,0.6,247,7,0.7493328347299892,0.6208153795160756
1426,0.6,247,8,0.8004113477588346,0.6185971800820989
1427,0.6,247,9,0.8644082201560401,0.613625353764565
1428,0.6,248,4,0.6557597185157485,0.6284898396267306
1429,0.6,248,5,0.6764970848702215,0.6276994467249688
1430,0.6,248,6,0.7057503697030477,0.6262206471023176
1431,0.6,248,7,0.7497067872380208,0.6210448484230386
1432,0.6,248,8,0.8012442419812684,0.6185716835368807
1433,0.6,248,9,0.8644932093624109,0.6137783330358736
1434,0.6,249,4,0.6556917271506518,0.628795798169348
1435,0.6,249,5,0.6767010589655114,0.6274444812727875
1436,0.6,249,6,0.7059033502745151,0.6259656816501364
1437,0.6,249,7,0.7498597678094882,0.6208153795160756
1438,0.6,249,8,0.8013292311876392,0.6185461869916626
1439,0.6,249,9,0.864714181298975,0.6135998572193467
1440,0.6,250,4,0.6557257228332002,0.6282858672649856
1441,0.6,250,5,0.6770410157909945,0.6272915020014788
1442,0.6,250,6,0.7059203481157893,0.6259401851049183
1443,0.6,250,7,0.7499447570158589,0.6206369036995487
1444,0.6,250,8,0.8012952355050909,0.6185206904464445
1445,0.6,250,9,0.8659380258707144,0.6130899263149843
1446,0.6,251,4,0.6557257228332002,0.6284643430815124
1447,0.6,251,5,0.6771600006799137,0.6273934881823513
1448,0.6,251,6,0.7061243222110792,0.6257617092883915
1449,0.6,251,7,0.7499277591745849,0.620713393335203
1450,0.6,251,8,0.8013462290289133,0.6184951939012264
1451,0.6,251,9,0.8661759956485526,0.6132938986767293
1452,0.6,252,4,0.6558957012459418,0.6282348741745494
1453,0.6,252,5,0.6771939963624619,0.6272405089110425
1454,0.6,252,6,0.7063622919889174,0.6257872058336096
1455,0.6,252,7,0.7504206965715354,0.6208153795160756
1456,0.6,252,8,0.8022641124577179,0.6183167180846996
1457,0.6,252,9,0.866430963267665,0.6132684021315111
1458,0.6,253,4,0.655810712039571,0.6282858672649856
1459,0.6,253,5,0.6771600006799137,0.6274444812727875
1460,0.6,253,6,0.7068042358620455,0.6256342265623008
1461,0.6,253,7,0.7508626404446636,0.6205859106091125
1462,0.6,253,8,0.8028760347435876,0.618622676627317
1463,0.6,253,9,0.8677058013632268,0.6128349608628031
1464,0.6,254,4,0.6557937141982968,0.6283113638102037
1465,0.6,254,5,0.6771939963624619,0.6274954743632238
1466,0.6,254,6,0.7071951862113511,0.6260676678310089
1467,0.6,254,7,0.7508626404446636,0.6205859106091125
1468,0.6,254,8,0.8030970066801516,0.6183932077203539
1469,0.6,254,9,0.8677567948870494,0.61301343667933
1470,0.6,255,4,0.655810712039571,0.6283113638102037
