,0,1,2,3,4
0,0.6,10,9,0.6382689398446397,0.6181127457229545
1,0.6,10,10,0.6463089187673166,0.6162005048315953
2,0.6,10,11,0.6548928286107665,0.6164554702837766
3,0.6,10,12,0.6650405398514388,0.6168634150072665
4,0.6,10,13,0.6811884890618891,0.6163279875576859
5,0.6,10,14,0.6977953799867417,0.6147981948445985
6,0.6,11,9,0.6376910132413184,0.6181892353586089
7,0.6,11,10,0.645934966259285,0.6167614288263941
8,0.6,11,11,0.6541109279121552,0.6167869253716122
9,0.6,11,12,0.6648025700736007,0.6164299737385585
10,0.6,11,13,0.6813754653159049,0.6180617526325183
11,0.6,11,14,0.6977273886216451,0.6142372708497998
12,0.6,12,9,0.6374700413047543,0.6182657249942632
13,0.6,12,10,0.645713994322721,0.617985262996864
14,0.6,12,11,0.654314902007445,0.6182402284490451
15,0.6,12,12,0.6658734340738727,0.6175773182733739
16,0.6,12,13,0.6845200659516242,0.6196170418908238
17,0.6,12,14,0.698475293637708,0.6148236913898166
18,0.6,13,9,0.6392208189559926,0.6183932077203539
19,0.6,13,10,0.6463769101324132,0.6190561178960251
20,0.6,13,11,0.6539069538168653,0.6192600902577701
21,0.6,13,12,0.6670122894392412,0.6191326075316794
22,0.6,13,13,0.6862368479203141,0.618418704265572
23,0.6,13,14,0.7031496999881015,0.6162005048315953
24,0.6,14,9,0.6392208189559926,0.6185206904464445
25,0.6,14,10,0.6472777957199436,0.6181637388133908
26,0.6,14,11,0.6562866515952474,0.6192855868029882
27,0.6,14,12,0.6667573218201288,0.6179342699064276
28,0.6,14,13,0.68773265795244,0.6183677111751358
29,0.6,14,14,0.7029117302102633,0.6162514979220316
30,0.6,15,9,0.6397647498767657,0.6196170418908238
31,0.6,15,10,0.6490285733711818,0.619030621350807
32,0.6,15,11,0.6551307983886047,0.6187246628081895
33,0.6,15,12,0.667845183661675,0.6180107595420821
34,0.6,15,13,0.6876986622698917,0.6178322837255552
35,0.6,15,14,0.7045775186551309,0.616965401188139
36,0.6,16,9,0.6401387023847971,0.6191326075316794
37,0.6,16,10,0.649793476228519,0.6197190280716963
38,0.6,16,11,0.6554537573728136,0.6190051248055889
39,0.6,16,12,0.669357991535075,0.618418704265572
40,0.6,16,13,0.6876986622698917,0.6192855868029882
41,0.6,16,14,0.7063962876714657,0.617373345911629
42,0.6,17,9,0.6392888103210892,0.6183422146299177
43,0.6,17,10,0.6497254848634223,0.6188776420794982
44,0.6,17,11,0.6562356580714249,0.6196425384360419
45,0.6,17,12,0.6691710152810593,0.6188521455342801
46,0.6,17,13,0.6872227227142153,0.6192855868029882
47,0.6,17,14,0.706634257449304,0.617781290635119
48,0.6,18,9,0.6408526117183118,0.6195660488003876
49,0.6,18,10,0.6492835409902943,0.619464062619515
50,0.6,18,11,0.6571705393415036,0.6197445246169144
51,0.6,18,12,0.6693239958525268,0.6195150557099514
52,0.6,18,13,0.6855739321106219,0.6197700211621325
53,0.6,18,14,0.7072631775764477,0.6189796282603707
54,0.6,19,9,0.6396967585116691,0.6193620764386426
55,0.6,19,10,0.6496064999745033,0.6193875729838607
56,0.6,19,11,0.6567965868334722,0.6193110833482063
57,0.6,19,12,0.6700888987098639,0.6198720073430051
58,0.6,19,13,0.6839931328721253,0.6201524693404044
59,0.6,19,14,0.7065662660842073,0.6184696973560082
60,0.6499999999999999,10,9,0.6323411733324965,0.6184329380226696
61,0.6499999999999999,10,10,0.6451445875762949,0.6181706926192488
62,0.6499999999999999,10,11,0.6501498438799366,0.614499256971357
63,0.6499999999999999,10,12,0.6716928435818179,0.6117019726682013
64,0.6499999999999999,10,13,0.6824408077448104,0.6166554969550395
65,0.6499999999999999,10,14,0.6940517471325687,0.6147615023747778
66,0.6499999999999999,11,9,0.6325294588360818,0.6184329380226696
67,0.6499999999999999,11,10,0.6440462554720474,0.6172674028963548
68,0.6499999999999999,11,11,0.6519385561639967,0.6148197791310935
69,0.6499999999999999,11,12,0.6707514160638915,0.6150820245345144
70,0.6499999999999999,11,13,0.6830527356314625,0.617238264518197
71,0.6499999999999999,11,14,0.6934241287872844,0.6156065153413561
72,0.6499999999999999,12,9,0.6329060298432523,0.6171508493837233
73,0.6499999999999999,12,10,0.6446581833586996,0.6168011888458288
74,0.6499999999999999,12,11,0.6511854141496556,0.6162475596608292
75,0.6499999999999999,12,12,0.6713005821160153,0.6149946094000408
76,0.6499999999999999,12,13,0.6840255440666531,0.6168886039803024
77,0.6499999999999999,12,14,0.695275602905873,0.617238264518197
78,0.6499999999999999,13,9,0.6338160764439145,0.6182289693755646
79,0.6499999999999999,13,10,0.6452701112453517,0.6194527812581951
80,0.6499999999999999,13,11,0.6511226523151272,0.617675340190565
81,0.6499999999999999,13,12,0.6718183672508747,0.6158978991229348
82,0.6499999999999999,13,13,0.6843864246151915,0.6178501704595122
83,0.6499999999999999,13,14,0.6953383647404013,0.6182872461318804
84,0.6499999999999999,14,9,0.6340828142406603,0.6189574288295113
85,0.6499999999999999,14,10,0.6458349677561075,0.619044843963985
86,0.6499999999999999,14,11,0.6518757943294683,0.6178793088376701
87,0.6499999999999999,14,12,0.6711279870710621,0.6168594656021446
88,0.6499999999999999,14,13,0.6862378987337799,0.6179958623503016
89,0.6499999999999999,14,14,0.6968917201449798,0.6191322590984586
90,0.6499999999999999,15,9,0.6351968368035398,0.6195984731489845
91,0.6499999999999999,15,10,0.6459761818837965,0.6193362277455636
92,0.6499999999999999,15,11,0.652879983681923,0.6186077682916169
93,0.6499999999999999,15,12,0.6715045580782326,0.6169177423584603
94,0.6499999999999999,15,13,0.6862065178165158,0.6179084472158279
95,0.6499999999999999,15,14,0.6981626472941804,0.6184620764008275
96,0.6499999999999999,16,9,0.6357930742315598,0.6192196742329322
97,0.6499999999999999,16,10,0.6457408250043148,0.6194527812581951
98,0.6499999999999999,16,11,0.6537429589066889,0.6195110580145109
99,0.6499999999999999,16,12,0.6708612492743163,0.6170634342492497
100,0.6499999999999999,16,13,0.6878383255142548,0.6182872461318804
101,0.6499999999999999,16,14,0.6983509327977657,0.6200646871995105
102,0.6499999999999999,17,9,0.6358872169833524,0.6202103790902999
103,0.6499999999999999,17,10,0.6457878963802112,0.6191905358547743
104,0.6499999999999999,17,11,0.6546059341314546,0.6199772720650368
105,0.6499999999999999,17,12,0.6716928435818179,0.6170051574929339
106,0.6499999999999999,17,13,0.6869910407481211,0.6171799877618812
107,0.6499999999999999,17,14,0.6993865030674846,0.6207348698971416
108,0.6499999999999999,18,9,0.6358872169833524,0.6201229639558262
109,0.6499999999999999,18,10,0.6451602780349269,0.6182289693755646
110,0.6499999999999999,18,11,0.6543078154174446,0.6196567499053003
111,0.6499999999999999,18,12,0.6717869863336106,0.6178501704595122
112,0.6499999999999999,18,13,0.6870851834999137,0.6191905358547743
113,0.6499999999999999,18,14,0.6994963362779094,0.6205600396281943
114,0.6499999999999999,19,9,0.6362480975318908,0.6203560709810892
115,0.6499999999999999,19,10,0.6446111119828033,0.6184037996445118
116,0.6499999999999999,19,11,0.6554845998148526,0.6209679769224045
117,0.6499999999999999,19,12,0.6704689878085136,0.6195984731489845
118,0.6499999999999999,19,13,0.6869125884549605,0.6196567499053003
119,0.6499999999999999,19,14,0.6995904790297021,0.6216381596200355
120,0.7,10,9,0.6346960778600151,0.6139515909709002
121,0.7,10,10,0.6454484527070342,0.6170451454990481
122,0.7,10,11,0.654510752374847,0.6150054392167528
123,0.7,10,12,0.6662975697884492,0.6167391895567038
124,0.7,10,13,0.6809546010839792,0.6152774000543921
125,0.7,10,14,0.6958593158109447,0.6111299972803916
126,0.7,11,9,0.6370272160382306,0.6152094098449823
127,0.7,11,10,0.6454921615478757,0.619322817514278
128,0.7,11,11,0.6550061192377178,0.6164672287190645
129,0.7,11,12,0.6662392913339938,0.6182689692684253
130,0.7,11,13,0.6831400431260563,0.6159573021484906
131,0.7,11,14,0.6974619733084678,0.6138836007614904
132,0.7,12,9,0.637566291741943,0.6164332336143595
133,0.7,12,10,0.6460166676379743,0.6191868370954583
134,0.7,12,11,0.6556763214639548,0.6178610280119663
135,0.7,12,12,0.6667200885832508,0.6182009790590155
136,0.7,12,13,0.6865201934844688,0.6180989937449007
137,0.7,12,14,0.6992394661693572,0.6142575469132445
138,0.7,13,9,0.6372457602424384,0.6148014685885232
139,0.7,13,10,0.6459001107290635,0.6186769105248844
140,0.7,13,11,0.6562445363948948,0.616637204242589
141,0.7,13,12,0.6665452532198846,0.6195267881425075
142,0.7,13,13,0.6876711929599627,0.6173511014413925
143,0.7,13,14,0.6987149600792587,0.6167391895567038
144,0.7,14,9,0.6365609884025876,0.6160592874626054
145,0.7,14,10,0.6463954775919343,0.6187788958389991
146,0.7,14,11,0.6559531441226178,0.6167731846614087
147,0.7,14,12,0.6674194300367154,0.6178610280119663
148,0.7,14,13,0.6876566233463488,0.6175210769649171
149,0.7,14,14,0.7002447695087126,0.6163992385096546
150,0.7,15,9,0.6373914563785769,0.6163992385096546
151,0.7,15,10,0.6464391864327758,0.6182009790590155
152,0.7,15,11,0.6561716883268256,0.6167731846614087
153,0.7,15,12,0.6679585057404278,0.6173511014413925
154,0.7,15,13,0.6870446995745673,0.6186429154201795
155,0.7,15,14,0.7001427822134157,0.6171131357084579
156,0.7,16,9,0.6375954309691707,0.615821321729671
157,0.7,16,10,0.6462060726149542,0.6184389447919499
158,0.7,16,11,0.6557637391456379,0.6168071797661137
159,0.7,16,12,0.668788973716417,0.6181329888496057
160,0.7,16,13,0.6884870913223381,0.6189148762578188
161,0.7,16,14,0.6997202634186142,0.6172491161272776
162,0.7,17,9,0.6380907978320415,0.615821321729671
163,0.7,17,10,0.6455941488431727,0.6183029643731303
164,0.7,17,11,0.6550935369194009,0.6168411748708186
165,0.7,17,12,0.6692843405792879,0.6192208322001632
166,0.7,17,13,0.6870301299609535,0.618404949687245
167,0.7,17,14,0.7004924529401481,0.6183369594778352
168,0.7,18,9,0.6391106707850108,0.6172151210225727
169,0.7,18,10,0.6460166676379743,0.6193568126189829
170,0.7,18,11,0.6560405618043009,0.6181329888496057
171,0.7,18,12,0.6701585173961186,0.6198667391895567
172,0.7,18,13,0.6878460283233289,0.6199347293989665
173,0.7,18,14,0.6999825164636634,0.6192548273048681
174,0.7,19,9,0.6386153039221399,0.6169091650802284
175,0.7,19,10,0.6463954775919343,0.6193568126189829
176,0.7,19,11,0.6562882452357364,0.6175210769649171
177,0.7,19,12,0.6698525555102278,0.6189488713625237
178,0.7,19,13,0.6878168890961012,0.6200027196083764
179,0.7,19,14,0.7003467568040096,0.6188128909437041
180,0.75,10,9,0.6341619298865893,0.6167904054825813
181,0.75,10,10,0.6442655497837853,0.6171575426287019
182,0.75,10,11,0.6498137017596345,0.6171983356449375
183,0.75,10,12,0.6612771628273818,0.6146691686383291
184,0.75,10,13,0.6776360521091137,0.6161377172228114
185,0.75,10,14,0.6879300497701868,0.6147507546708003
186,0.75,11,9,0.6344067012972885,0.6176470588235294
187,0.75,11,10,0.6454078163670484,0.6179326099371788
188,0.75,11,11,0.6510919524599527,0.6179326099371788
189,0.75,11,12,0.6631537436427425,0.6156889940442196
190,0.75,11,13,0.678574342516794,0.6154850289630416
191,0.75,11,14,0.6888955370012783,0.616300889287754
192,0.75,12,9,0.6345562838260491,0.6164640613526964
193,0.75,12,10,0.645611792542631,0.6174023007261157
194,0.75,12,11,0.650969566754603,0.6176062658072938
195,0.75,12,12,0.664785553047404,0.6147507546708003
196,0.75,12,13,0.680110963039517,0.6174838867585869
197,0.75,12,14,0.6910576844624547,0.6174838867585869
198,0.75,13,9,0.6350866218825642,0.6173207146936445
199,0.75,13,10,0.6464684924800783,0.618870849310598
200,0.75,13,11,0.6507791889907258,0.61801419596965
201,0.75,13,12,0.6664581576871821,0.6154442359468059
202,0.75,13,13,0.6817971660910006,0.6170351635799951
203,0.75,13,14,0.6924447224564171,0.6157705800766908
204,0.75,14,9,0.634923440942098,0.616504854368932
205,0.75,14,10,0.6477467431803965,0.6185037121644774
206,0.75,14,11,0.6508471810492534,0.6184629191482418
207,0.75,14,12,0.6667573227447035,0.6161785102390471
208,0.75,14,13,0.6809404661535533,0.6182589540670638
209,0.75,14,14,0.6947836492697653,0.6156074080117484
210,0.75,15,9,0.6358345345263673,0.6173615077098801
211,0.75,15,10,0.6487258288231934,0.6197682956677817
212,0.75,15,11,0.6517854714569339,0.6180549889858856
213,0.75,15,12,0.6654790720443852,0.6176062658072938
214,0.75,15,13,0.6830210231444968,0.6185037121644774
215,0.75,15,14,0.6952323968560472,0.6165864404014033
216,0.75,16,9,0.6352090075879138,0.6175246797748225
217,0.75,16,10,0.6479371209442737,0.6194011585216611
218,0.75,16,11,0.6511463461067747,0.6171167496124663
219,0.75,16,12,0.6656014577497348,0.6162193032552827
220,0.75,16,13,0.6836193532595393,0.6179734029534144
221,0.75,16,14,0.6945932715058881,0.6162600962715183
222,0.75,17,9,0.6362968805243547,0.618870849310598
223,0.75,17,10,0.647148413065354,0.6191564004242474
224,0.75,17,11,0.6518534635154614,0.6176470588235294
225,0.75,17,12,0.6653022926922135,0.6167904054825813
226,0.75,17,13,0.6827762517337975,0.6197682956677817
227,0.75,17,14,0.693954146155729,0.6179734029534144
228,0.75,18,9,0.6368000217574588,0.6176470588235294
229,0.75,18,10,0.647284397182409,0.619197193440483
230,0.75,18,11,0.6515950936930567,0.6180549889858856
231,0.75,18,12,0.6653974815741521,0.6168719915150527
232,0.75,18,13,0.683238597731785,0.6197682956677817
233,0.75,18,14,0.6937229731567353,0.6182589540670638
234,0.75,19,9,0.6365008566999375,0.6181773680345924
235,0.75,19,10,0.6474611765345808,0.6194011585216611
236,0.75,19,11,0.6521798253963937,0.6191564004242474
237,0.75,19,12,0.6652614974570971,0.6175246797748225
238,0.75,19,13,0.6835241643776007,0.6198498817002529
239,0.75,19,14,0.6942805080366613,0.6205433629762585
240,0.7999999999999999,10,9,0.6366695988067465,0.6134312375707511
241,0.7999999999999999,10,10,0.6427506023635599,0.6134312375707511
242,0.7999999999999999,10,11,0.6474547749263778,0.6112895823772373
243,0.7999999999999999,10,12,0.6575260386787521,0.6146550405384733
244,0.7999999999999999,10,13,0.6733978404150891,0.615368925602978
245,0.7999999999999999,10,14,0.6892313968460372,0.6125133853449595
246,0.7999999999999999,11,9,0.6361724098366925,0.6139921472642904
247,0.7999999999999999,11,10,0.6413355260641757,0.614502065167508
248,0.7999999999999999,11,11,0.64676635942938,0.6129723114578552
249,0.7999999999999999,11,12,0.6571690824951237,0.6164397531997349
250,0.7999999999999999,11,13,0.6727349217883505,0.615776859925552
251,0.7999999999999999,11,14,0.6895118624188881,0.61281933608689
252,0.7999999999999999,12,9,0.6365038691500619,0.6151139666513691
253,0.7999999999999999,12,10,0.6424446399204498,0.6150629748610473
254,0.7999999999999999,12,11,0.6485766372177815,0.6134822293610729
255,0.7999999999999999,12,12,0.6588263790619702,0.6171536382642394
256,0.7999999999999999,12,13,0.6740352621715684,0.615368925602978
257,0.7999999999999999,12,14,0.6906337247102918,0.6134312375707511
258,0.7999999999999999,13,9,0.6361851582718221,0.613023303248177
259,0.7999999999999999,13,10,0.6425848727068753,0.615776859925552
260,0.7999999999999999,13,11,0.649086574622965,0.6130742950384988
261,0.7999999999999999,13,12,0.6596295304751342,0.6170006628932742
262,0.7999999999999999,13,13,0.6765976976326156,0.6162357860384479
263,0.7999999999999999,13,14,0.6899708060835532,0.6138391718933252
264,0.7999999999999999,14,9,0.6362743973177293,0.6130742950384988
265,0.7999999999999999,14,10,0.6430183195012812,0.6156748763449085
266,0.7999999999999999,14,11,0.6500554556928138,0.6133292539901076
267,0.7999999999999999,14,12,0.66068765059089,0.6175105807964918
268,0.7999999999999999,14,13,0.6773498553052613,0.6171536382642394
269,0.7999999999999999,14,14,0.6906847184508101,0.6121054510223854
270,0.7999999999999999,15,9,0.6368608253336903,0.6153179338126562
271,0.7999999999999999,15,10,0.6433497788146505,0.6147570241191168
272,0.7999999999999999,15,11,0.6503359212656646,0.614298098006221
273,0.7999999999999999,15,12,0.6623959408982547,0.6181224822803528
274,0.7999999999999999,15,13,0.6758582883950995,0.6182244658609963
275,0.7999999999999999,15,14,0.6894736171134993,0.6141451226352557
276,0.7999999999999999,16,9,0.6383523922438521,0.6156748763449085
277,0.7999999999999999,16,10,0.6426996086230415,0.6153179338126562
278,0.7999999999999999,16,11,0.6510880789383103,0.6147060323287951
279,0.7999999999999999,16,12,0.6629568720439566,0.6194482688287186
280,0.7999999999999999,16,13,0.6764447164110605,0.618938350925501
281,0.7999999999999999,16,14,0.6917045932611772,0.6144000815868645
282,0.7999999999999999,17,9,0.6388623296490356,0.6160318188771607
283,0.7999999999999999,17,10,0.6430820616769292,0.614502065167508
284,0.7999999999999999,17,11,0.650756619624941,0.6151649584416908
285,0.7999999999999999,17,12,0.6637982687625094,0.6184794248126052
286,0.7999999999999999,17,13,0.6769036600757257,0.6197542195706491
287,0.7999999999999999,17,14,0.6927499649418034,0.6144000815868645
288,0.7999999999999999,18,9,0.6377277189225022,0.6165927285707001
289,0.7999999999999999,18,10,0.6435665022118535,0.6150119830707256
290,0.7999999999999999,18,11,0.6515980163434938,0.6145530569578298
291,0.7999999999999999,18,12,0.6639257531138053,0.6192952934577532
292,0.7999999999999999,18,13,0.6770438928621512,0.61832644944164
293,0.7999999999999999,18,14,0.6924312540635637,0.615776859925552
294,0.7999999999999999,19,9,0.6378042095332798,0.6169496711029524
295,0.7999999999999999,19,10,0.6434645147308168,0.6156748763449085
296,0.7999999999999999,19,11,0.651903978786604,0.6149609912804038
297,0.7999999999999999,19,12,0.6649456279241723,0.6199581867319361
298,0.7999999999999999,19,13,0.676215244578728,0.6193462852480751
299,0.7999999999999999,19,14,0.6928519524228401,0.6168476875223089
300,0.8499999999999999,10,9,0.6320670954117873,0.6161952678814251
301,0.8499999999999999,10,10,0.6395181416778652,0.612319825945064
302,0.8499999999999999,10,11,0.6511326550201574,0.613135708457982
303,0.8499999999999999,10,12,0.6599875215972355,0.6140195811803101
304,0.8499999999999999,10,13,0.6728618736801689,0.6092602665216209
305,0.8499999999999999,10,14,0.688651852562872,0.6127957574109328
306,0.8499999999999999,11,9,0.6328709925129583,0.6174870818602122
307,0.8499999999999999,11,10,0.6406579957765406,0.6149714441120478
308,0.8499999999999999,11,11,0.6506887118448839,0.6144275224367691
309,0.8499999999999999,11,12,0.661355346515646,0.6140875713897199
310,0.8499999999999999,11,13,0.6737617584949126,0.610076149034539
311,0.8499999999999999,11,14,0.6901036667306585,0.6144275224367691
312,0.8499999999999999,12,9,0.6338188711844884,0.617079140603753
313,0.8499999999999999,12,10,0.6409099635246689,0.6145635028555888
314,0.8499999999999999,12,11,0.6517085813015934,0.6139515909709002
315,0.8499999999999999,12,12,0.660923401804569,0.6144275224367691
316,0.8499999999999999,12,13,0.6743376847763486,0.6082404133804732
317,0.8499999999999999,12,14,0.6921194087156844,0.6152434049496872
318,0.8499999999999999,13,9,0.6341908235745825,0.6158553168343759
319,0.8499999999999999,13,10,0.6414738913419082,0.6159912972531956
320,0.8499999999999999,13,11,0.6521045306200807,0.6160592874626054
321,0.8499999999999999,13,12,0.6619912651180649,0.6141555615991298
322,0.8499999999999999,13,13,0.6755375311960069,0.6080364427522437
323,0.8499999999999999,13,14,0.6930072950662315,0.6156513462061464
324,0.8499999999999999,14,9,0.6335309080437704,0.6159233070437857
325,0.8499999999999999,14,10,0.6409339604530621,0.614495512646179
326,0.8499999999999999,14,11,0.6541322710693032,0.6156513462061464
327,0.8499999999999999,14,12,0.6618712804760991,0.6159233070437857
328,0.8499999999999999,14,13,0.6757055096947591,0.6107560511286375
329,0.8499999999999999,14,14,0.6934632367057016,0.6158553168343759
330,0.8499999999999999,15,9,0.6344547897869073,0.6167391895567038
331,0.8499999999999999,15,10,0.6415578805912843,0.6146314930649986
332,0.8499999999999999,15,11,0.6540362833557305,0.6149714441120478
333,0.8499999999999999,15,12,0.661703301977347,0.6174190916508023
334,0.8499999999999999,15,13,0.6755855250527932,0.610960021756867
335,0.8499999999999999,15,14,0.6931512766365905,0.6153793853685069
336,0.8499999999999999,16,9,0.6348987329621808,0.6165352189284743
337,0.8499999999999999,16,10,0.6423137838356691,0.6149714441120478
338,0.8499999999999999,16,11,0.6552601267037819,0.6150394343214577
339,0.8499999999999999,16,12,0.6637790362833558,0.6180310035354909
340,0.8499999999999999,16,13,0.6765813975811096,0.6125917867827033
341,0.8499999999999999,16,14,0.6942911307352659,0.6151074245308675
342,0.8499999999999999,17,9,0.635354674601651,0.6174870818602122
343,0.8499999999999999,17,10,0.6423857746208486,0.6155833559967365
344,0.8499999999999999,17,11,0.655488097523517,0.6159912972531956
345,0.8499999999999999,17,12,0.6641269917450566,0.6178270329072614
346,0.8499999999999999,17,13,0.6758494912651181,0.6123878161544738
347,0.8499999999999999,17,14,0.6956589556536763,0.6164672287190645
348,0.8499999999999999,18,9,0.6356066423497793,0.6165352189284743
349,0.8499999999999999,18,10,0.6428297177961221,0.6156513462061464
350,0.8499999999999999,18,11,0.6563759838740642,0.6163312483002448
351,0.8499999999999999,18,12,0.6652788443079286,0.6187788958389991
352,0.8499999999999999,18,13,0.6770853330773661,0.6140875713897199
353,0.8499999999999999,18,14,0.696762814359762,0.6168751699755235
354,0.8499999999999999,19,9,0.6360265885966596,0.6161952678814251
355,0.8499999999999999,19,10,0.6427097331541562,0.614903453902638
356,0.8499999999999999,19,11,0.6561840084469188,0.6178950231166712
357,0.8499999999999999,19,12,0.6649428873104243,0.6190508566766386
358,0.8499999999999999,19,13,0.6774092916106739,0.6136796301332608
359,0.8499999999999999,19,14,0.6975427145325398,0.6174870818602122
360,0.8999999999999999,10,9,0.635858849126306,0.6119722618804814
361,0.8999999999999999,10,10,0.6392697686014097,0.6126861105445646
362,0.8999999999999999,10,11,0.65094168574213,0.6114623699775648
363,0.8999999999999999,10,12,0.6589760442399656,0.6095247807464818
364,0.8999999999999999,10,13,0.6707726129229653,0.6087089537018152
365,0.8999999999999999,10,14,0.6848129093669968,0.6114623699775648
366,0.8999999999999999,11,9,0.6346123337035107,0.6105445645523149
367,0.8999999999999999,11,10,0.6402329850644788,0.6136039159698145
368,0.8999999999999999,11,11,0.6512023207850781,0.612176218641648
369,0.8999999999999999,11,12,0.6597239534936428,0.6125841321639812
370,0.8999999999999999,11,13,0.6718378170115359,0.610238629410565
371,0.8999999999999999,11,14,0.6876912267978152,0.612176218641648
372,0.8999999999999999,12,9,0.6347709811209573,0.6101366510299816
373,0.8999999999999999,12,10,0.6417854633637785,0.6147256781562309
374,0.8999999999999999,12,11,0.6521882011649254,0.6137058943503977
375,0.8999999999999999,12,12,0.6601319039956486,0.6142157862533143
376,0.8999999999999999,12,13,0.6733562994356684,0.6106465429328982
377,0.8999999999999999,12,14,0.6893570246810053,0.6123801754028146
378,0.8999999999999999,13,9,0.6348276409129026,0.6093208239853151
379,0.8999999999999999,13,10,0.6411168778188246,0.6133999592086478
380,0.8999999999999999,13,11,0.6529134465018245,0.6137058943503977
381,0.8999999999999999,13,12,0.6603018833714842,0.6117683051193147
382,0.8999999999999999,13,13,0.6735036148947261,0.6119722618804814
383,0.8999999999999999,13,14,0.6884617999682705,0.6115643483581481
384,0.8999999999999999,14,9,0.6346689934954559,0.6078931266571487
385,0.8999999999999999,14,10,0.6429186592026834,0.6137058943503977
386,0.8999999999999999,14,11,0.6529247784602135,0.613807872730981
387,0.8999999999999999,14,12,0.6617297101285045,0.6137058943503977
388,0.8999999999999999,14,13,0.6731976520182218,0.6144197430144809
389,0.8999999999999999,14,14,0.6888357545951092,0.6114623699775648
390,0.8999999999999999,15,9,0.6358361852095279,0.609932694268815
391,0.8999999999999999,15,10,0.6430319787865739,0.6129920456863145
392,0.8999999999999999,15,11,0.653038098044104,0.614113807872731
393,0.8999999999999999,15,12,0.6622736441311787,0.6133999592086478
394,0.8999999999999999,15,13,0.6736622623121727,0.6164593106261472
395,0.8999999999999999,15,14,0.6879858577159305,0.6136039159698145
396,0.8999999999999999,16,9,0.6347936450377354,0.6107485213134816
397,0.8999999999999999,16,10,0.6435872447476373,0.616051397103814
398,0.8999999999999999,16,11,0.6521655372481472,0.6147256781562309
399,0.8999999999999999,16,12,0.6629988894680778,0.613807872730981
400,0.8999999999999999,16,13,0.6729256850168847,0.6153375484397308
401,0.8999999999999999,16,14,0.6882804886340458,0.6144197430144809
402,0.8999999999999999,17,9,0.6343970264941187,0.6090148888435651
403,0.8999999999999999,17,10,0.643292613829522,0.6154395268203141
404,0.8999999999999999,17,11,0.6526528114588763,0.6149296349173975
405,0.8999999999999999,17,12,0.6634295038868617,0.6126861105445646
406,0.8999999999999999,17,13,0.6726763819323256,0.6152355700591474
407,0.8999999999999999,17,14,0.6892210411803368,0.6120742402610646
408,0.8999999999999999,18,9,0.6359155089182512,0.6112584132163982
409,0.8999999999999999,18,10,0.6439272034993088,0.6166632673873139
410,0.8999999999999999,18,11,0.652358180540761,0.616051397103814
411,0.8999999999999999,18,12,0.6634521678036398,0.6144197430144809
412,0.8999999999999999,18,13,0.6719058087618702,0.616051397103814
413,0.8999999999999999,18,14,0.6885524556353829,0.6104425861717316
414,0.8999999999999999,19,9,0.6365274346712599,0.6119722618804814
415,0.8999999999999999,19,10,0.6436779004147497,0.6171731592902304
416,0.8999999999999999,19,11,0.6522901887904268,0.6152355700591474
417,0.8999999999999999,19,12,0.6632481925526369,0.6159494187232307
418,0.8999999999999999,19,13,0.6721777757632074,0.6152355700591474
419,0.8999999999999999,19,14,0.6885184597602158,0.6112584132163982
420,0.95,10,9,0.6317083382537655,0.615745461962064
421,0.95,10,10,0.6384609603967837,0.6124821537833979
422,0.95,10,11,0.6495829262794018,0.614113807872731
423,0.95,10,12,0.6604472404427315,0.610238629410565
424,0.95,10,13,0.6724602518545556,0.614113807872731
425,0.95,10,14,0.6867921287399757,0.6045278400978993
426,0.95,11,9,0.6309139121192927,0.6165612890067306
427,0.95,11,10,0.639405683367508,0.6181929430960637
428,0.95,11,11,0.6500123458115492,0.6159494187232307
429,0.95,11,12,0.6618965313637291,0.6077911482765653
430,0.95,11,13,0.6748542657462775,0.6175810728125637
431,0.95,11,14,0.688316568079099,0.6094228023658984
432,0.95,12,9,0.6315365704409065,0.6137058943503977
433,0.95,12,10,0.6395774511803669,0.6190087701407302
434,0.95,12,11,0.6500660232530676,0.6149296349173975
435,0.95,12,12,0.6630022866590087,0.614113807872731
436,0.95,12,13,0.6736304200796573,0.6106465429328982
437,0.95,12,14,0.6914191241988642,0.6126861105445646
438,0.95,13,9,0.6329751258736004,0.614113807872731
439,0.95,13,10,0.6399746642476033,0.615745461962064
440,0.95,13,11,0.6510858946419178,0.615745461962064
441,0.95,13,12,0.6631740544718676,0.6130940240668978
442,0.95,13,13,0.6746610269568112,0.6147256781562309
443,0.95,13,14,0.6927181182836102,0.611870283499898
444,0.95,14,9,0.6340164682390579,0.6153375484397308
445,0.95,14,10,0.6397384835049222,0.6165612890067306
446,0.95,14,11,0.6513113398962952,0.6167652457678972
447,0.95,14,12,0.6639899515829477,0.6143177646338976
448,0.95,14,13,0.6751870658836917,0.616357332245564
449,0.95,14,14,0.6931475378157576,0.6122781970222313
450,0.95,15,9,0.6335655777303031,0.6161533754843973
451,0.95,15,10,0.6407154129405576,0.6220681215582297
452,0.95,15,11,0.6525781275161301,0.6183968998572302
453,0.95,15,12,0.665042029436709,0.6139098511115644
454,0.95,15,13,0.676679298757904,0.6151335916785642
455,0.95,15,14,0.6926751763303954,0.6090148888435651
456,0.95,16,9,0.6343814748413832,0.6153375484397308
457,0.95,16,10,0.6423257361861104,0.6194166836630635
458,0.95,16,11,0.6528143082588111,0.6165612890067306
459,0.95,16,12,0.6652567392027826,0.6153375484397308
460,0.95,16,13,0.6770120988953182,0.6169692025290638
461,0.95,16,14,0.693609163812816,0.6104425861717316
462,0.95,17,9,0.6339520553092357,0.6128900673057311
463,0.95,17,10,0.6426692718118283,0.6192127269018968
464,0.95,17,11,0.6528357792354186,0.6173771160513971
465,0.95,17,12,0.6649668810185831,0.6155415052008975
466,0.95,17,13,0.6768832730356741,0.6161533754843973
467,0.95,17,14,0.6922564922865516,0.6124821537833979
468,0.95,18,9,0.6346283910723679,0.615745461962064
469,0.95,18,10,0.6425404459521842,0.6212522945135631
470,0.95,18,11,0.6521487079839826,0.6186008566183969
471,0.95,18,12,0.6660833718021664,0.6161533754843973
472,0.95,18,13,0.6763894405737045,0.616357332245564
473,0.95,18,14,0.6918163372661006,0.6096267591270651
474,0.95,19,9,0.6348001588852269,0.6147256781562309
475,0.95,19,10,0.6422291167913773,0.6222720783193962
476,0.95,19,11,0.6519769401711237,0.6175810728125637
477,0.95,19,12,0.665825720082878,0.617988986334897
478,0.95,19,13,0.6768295955941556,0.6155415052008975
479,0.95,19,14,0.6924712020526254,0.6100346726493984
