,training_size,number of trees,tree depth,training efficiency,testing efficiency
0,0.6,10,9,0.6434022879094355,0.6201269727951862
1,0.6,10,10,0.6551138005473305,0.6207388898804213
2,0.6,10,11,0.6717716849960055,0.6205349175186762
3,0.6,10,12,0.6869847529363771,0.6180107595420821
4,0.6,10,13,0.7118185990379222,0.6176793044542465
5,0.6,10,14,0.7414968299026024,0.6150276637515617
6,0.6,11,9,0.6431133246077748,0.6205094209734581
7,0.6,11,10,0.6550118134996855,0.621733255143928
8,0.6,11,11,0.673216501504309,0.6205859106091125
9,0.6,11,12,0.6873247097618602,0.6186481731725352
10,0.6,11,13,0.7115466335775357,0.6181127457229545
11,0.6,11,14,0.7410888817120226,0.6162769944672497
12,0.6,12,9,0.6447281195288198,0.6214018000560924
13,0.6,12,10,0.6551647940711529,0.6222176895030723
14,0.6,12,11,0.6728425489962775,0.6205604140638944
15,0.6,12,12,0.6877666536349883,0.6187246628081895
16,0.6,12,13,0.7124815148476144,0.6193620764386426
17,0.6,12,14,0.743706549268243,0.6175263251829377
18,0.6,13,9,0.6452550526083187,0.6219117309604548
19,0.6,13,10,0.654518876102735,0.6221921929578542
20,0.6,13,11,0.673437473440873,0.6197445246169144
21,0.6,13,12,0.6873247097618602,0.6198720073430051
22,0.6,13,13,0.7140113205622886,0.6179342699064276
23,0.6,13,14,0.7435365708555014,0.6175518217281558
24,0.6,14,9,0.6453740374972379,0.6214527931465287
25,0.6,14,10,0.6548078394043957,0.6216312689630555
26,0.6,14,11,0.6739814043616461,0.62048392442824
27,0.6,14,12,0.688701534905067,0.6209683587873843
28,0.6,14,13,0.7145212558005133,0.618826648989062
29,0.6,14,14,0.744998385205079,0.6181127457229545
30,0.6,15,9,0.6446261324811748,0.6215802758726192
31,0.6,15,10,0.6549268242933147,0.6216822620534918
32,0.6,15,11,0.6734034777583247,0.6199739935238775
33,0.6,15,12,0.6879536298890041,0.6213763035108743
34,0.6,15,13,0.7144532644354167,0.6194130695290788
35,0.6,15,14,0.7450153830463531,0.6177048009994646
36,0.6,16,9,0.6446941238462716,0.6226766273169986
37,0.6,16,10,0.6549098264520405,0.6206878967899849
38,0.6,16,11,0.6725025921707943,0.6202544555212769
39,0.6,16,12,0.6887185327463412,0.6217842482343643
40,0.6,16,13,0.7130084479271133,0.6195150557099514
41,0.6,16,14,0.7462732233006408,0.6179597664516459
42,0.6,17,9,0.6449490914653839,0.6224981515004717
43,0.6,17,10,0.6550458091822339,0.6202289589760588
44,0.6,17,11,0.6731825058217606,0.6195405522551695
45,0.6,17,12,0.688157603984294,0.6220902067769817
46,0.6,17,13,0.7127874759905491,0.6201524693404044
47,0.6,17,14,0.7472590980945419,0.6195915453456057
48,0.6,18,9,0.6451870612432221,0.6221157033221998
49,0.6,18,10,0.6560146861348609,0.6217077585987099
50,0.6,18,11,0.6731825058217606,0.6202544555212769
51,0.6,18,12,0.6889395046829053,0.6228041100430891
52,0.6,18,13,0.7131274328160324,0.6205604140638944
53,0.6,18,14,0.74790501606296,0.6199994900690956
54,0.6,19,9,0.6452890482908671,0.622141199867418
55,0.6,19,10,0.6556407336268294,0.6216057724178374
56,0.6,19,11,0.6738964151552753,0.6204329313378038
57,0.6,19,12,0.689874385952984,0.6228296065883073
58,0.6,19,13,0.7129404565620167,0.6208153795160756
59,0.6,19,14,0.7479390117455084,0.6199994900690956
60,0.6499999999999999,10,9,0.6385702854094425,0.6199189953087211
61,0.6499999999999999,10,10,0.6511540332323914,0.618811736938722
62,0.6499999999999999,10,11,0.6663894685641661,0.6177627553250387
63,0.6499999999999999,10,12,0.6855945899298637,0.621084530435036
64,0.6499999999999999,10,13,0.7063687571587718,0.6134794137358315
65,0.6499999999999999,10,14,0.7333406555473616,0.6118476645589906
66,0.6499999999999999,11,9,0.6388840945820846,0.6205891780063522
67,0.6499999999999999,11,10,0.6520483893744214,0.6191905358547743
68,0.6499999999999999,11,11,0.6666405159022798,0.6185494915353011
69,0.6499999999999999,11,12,0.6875872781761411,0.6206765931408258
70,0.6499999999999999,11,13,0.7057411388134875,0.6144409802150412
71,0.6499999999999999,11,14,0.7348469395760439,0.6138873510300417
72,0.6499999999999999,12,9,0.6394489510928404,0.6216381596200355
73,0.6499999999999999,12,10,0.6520326989157893,0.6192488126110901
74,0.6499999999999999,12,11,0.6676447052547346,0.6180541391066173
75,0.6499999999999999,12,12,0.6878383255142548,0.6214050525947725
76,0.6499999999999999,12,13,0.7074827797216513,0.6148197791310935
77,0.6499999999999999,12,14,0.736651342318736,0.6129257845508319
78,0.6499999999999999,13,9,0.6389782373338773,0.6208514234097731
79,0.6499999999999999,13,10,0.6524720317574882,0.6199772720650368
80,0.6499999999999999,13,11,0.6683664663518115,0.6183163845100381
81,0.6499999999999999,13,12,0.6901448229331744,0.6223083423176666
82,0.6499999999999999,13,13,0.707451398804387,0.6150820245345144
83,0.6499999999999999,13,14,0.7389421492790235,0.6149071942655672
84,0.6499999999999999,14,9,0.6388370232061883,0.6212010839476675
85,0.6499999999999999,14,10,0.6521896035021104,0.6189282904513534
86,0.6499999999999999,14,11,0.668743037358982,0.6185203531571433
87,0.6499999999999999,14,12,0.6910548695338364,0.6225705877210874
88,0.6499999999999999,14,13,0.708628183201795,0.6167137737113553
89,0.6499999999999999,14,14,0.7398521958796855,0.6156647920976719
90,0.6499999999999999,15,9,0.6386016663267068,0.6200064104431947
91,0.6499999999999999,15,10,0.6524249603815919,0.6183746612663539
92,0.6499999999999999,15,11,0.6687744182762462,0.6198024417960897
93,0.6499999999999999,15,12,0.6908038221957228,0.6244063055450334
94,0.6499999999999999,15,13,0.7090518255848618,0.6165098050642501
95,0.6499999999999999,15,14,0.7415938367878493,0.6163932515516186
96,0.6499999999999999,16,9,0.639825522100011,0.6217255747545092
97,0.6499999999999999,16,10,0.6537272684480567,0.619481919636353
98,0.6499999999999999,16,11,0.6693863461628984,0.6209388385442466
99,0.6499999999999999,16,12,0.6919806065931308,0.6239983682508231
100,0.6499999999999999,16,13,0.7104012050272229,0.6175587866779335
101,0.6499999999999999,16,14,0.7417507413741704,0.6169760191147761
102,0.6499999999999999,17,9,0.6399824266863321,0.6205891780063522
103,0.6499999999999999,17,10,0.6531153405614046,0.619715026661616
104,0.6499999999999999,17,11,0.6698884408391257,0.6205891780063522
105,0.6499999999999999,17,12,0.6916667974204886,0.6250182114863486
106,0.6499999999999999,17,13,0.7112327993347246,0.6176462018124071
107,0.6499999999999999,17,14,0.741844884125963,0.6177918937031964
108,0.6499999999999999,18,9,0.639386189258312,0.6194527812581951
109,0.6499999999999999,18,10,0.6525347935920167,0.619481919636353
110,0.6499999999999999,18,11,0.669935512215022,0.6210553920568781
111,0.6499999999999999,18,12,0.691870773382706,0.6240857833852967
112,0.6499999999999999,18,13,0.7113269420865171,0.6180541391066173
113,0.6499999999999999,18,14,0.7421273123813409,0.6177044785687229
114,0.6499999999999999,19,9,0.6397470698068505,0.6202103790902999
115,0.6499999999999999,19,10,0.6534448401926788,0.6198607185524053
116,0.6499999999999999,19,11,0.6691196083661526,0.6200355488213526
117,0.6499999999999999,19,12,0.6913372977892144,0.6243188904105598
118,0.6499999999999999,19,13,0.7122056077699151,0.6179375855939858
119,0.6499999999999999,19,14,0.7421273123813409,0.6179084472158279
120,0.7,10,9,0.6411504166909494,0.6208525972259995
121,0.7,10,10,0.6512180196981177,0.6198327440848518
122,0.7,10,11,0.6687452648755755,0.6188808811531139
123,0.7,10,12,0.6834460050119471,0.6186089203154745
124,0.7,10,13,0.7065388425898945,0.6158893119390808
125,0.7,10,14,0.7313654641878897,0.6151074245308675
126,0.7,11,9,0.6430590360743633,0.6214305140059831
127,0.7,11,10,0.6519610699924238,0.6214645091106881
128,0.7,11,11,0.669357188647357,0.620614631493065
129,0.7,11,12,0.6842764729879364,0.617997008430786
130,0.7,11,13,0.7082289177691008,0.6176910524884417
131,0.7,11,14,0.7320356664141267,0.6158893119390808
132,0.7,12,9,0.6427239349612448,0.6216344846342127
133,0.7,12,10,0.6530392213998485,0.6209545825401143
134,0.7,12,11,0.669371758260971,0.6212605384824585
135,0.7,12,12,0.6852089282592225,0.6183369594778352
136,0.7,12,13,0.7089428288361793,0.6164672287190645
137,0.7,12,14,0.7326475901859083,0.6176910524884417
138,0.7,13,9,0.6431027449152048,0.6211925482730487
139,0.7,13,10,0.6533451832857393,0.6216344846342127
140,0.7,13,11,0.6688181129436447,0.6213625237965733
141,0.7,13,12,0.6838248149659071,0.6178270329072614
142,0.7,13,13,0.7090302465178624,0.6169431601849333
143,0.7,13,14,0.7340754123200652,0.6177930378025565
144,0.7,14,9,0.6429279095518386,0.6220764209953766
145,0.7,14,10,0.6529955125590069,0.6221104161000816
146,0.7,14,11,0.6688618217844863,0.6200707098177862
147,0.7,14,12,0.6848009790780348,0.6205466412836551
148,0.7,14,13,0.7083454746780116,0.6182349741637204
149,0.7,14,14,0.7358820444081823,0.6164332336143595
150,0.7,15,9,0.6431755929832741,0.6217704650530324
151,0.7,15,10,0.6529372341045515,0.6213965189012782
152,0.7,15,11,0.6698088466693863,0.6191528419907534
153,0.7,15,12,0.6853254851681333,0.6197987489801469
154,0.7,15,13,0.7098024360393962,0.6185409301060647
155,0.7,15,14,0.7374847019057055,0.6167731846614087
156,0.7,16,9,0.6428842007109972,0.6226203426706555
157,0.7,16,10,0.6531557783087593,0.6215324993200979
158,0.7,16,11,0.6709307069176526,0.6199347293989665
159,0.7,16,12,0.6845241564193718,0.6196287734566223
160,0.7,16,13,0.7100064106299901,0.6174530867555073
161,0.7,16,14,0.7377615245643685,0.6171811259178678
162,0.7,17,9,0.6424034034617402,0.6225863475659505
163,0.7,17,10,0.6536220059444023,0.6208865923307044
164,0.7,17,11,0.6706538842589894,0.6193568126189829
165,0.7,17,12,0.6858791304854596,0.6206486265977699
166,0.7,17,13,0.7097441575849408,0.6182009790590155
167,0.7,17,14,0.738854245585407,0.6195947783519173
168,0.7,18,9,0.642519960370651,0.6221104161000816
169,0.7,18,10,0.6535345882627193,0.6211585531683438
170,0.7,18,11,0.6704353400547818,0.6197647538754419
171,0.7,18,12,0.684975814441401,0.6203086755507207
172,0.7,18,13,0.7102540940614255,0.6198327440848518
173,0.7,18,14,0.7381111952911009,0.6190508566766386
174,0.7,19,9,0.6415729354857509,0.6222463965189012
175,0.7,19,10,0.6535054490354916,0.6215664944248028
176,0.7,19,11,0.6709307069176526,0.6205466412836551
177,0.7,19,12,0.686593041552538,0.621498504215393
178,0.7,19,13,0.7111574101054841,0.620614631493065
179,0.7,19,14,0.7388105367445655,0.6199687245036715
180,0.75,10,9,0.6384318311621202,0.6198498817002529
181,0.75,10,10,0.6510783540482472,0.6196051236028391
182,0.75,10,11,0.6638472626397237,0.6173615077098801
183,0.75,10,12,0.6780576028719846,0.6199722607489597
184,0.75,10,13,0.7011069107128287,0.6158929591253978
185,0.75,10,14,0.7275558214800512,0.6133637921187892
186,0.75,11,9,0.6389077755718132,0.6215223953659134
187,0.75,11,10,0.6513095270472409,0.6208289140899078
188,0.75,11,11,0.664173624520656,0.6177694378722363
189,0.75,11,12,0.67952623133618,0.6200130537651954
190,0.75,11,13,0.7033370502325328,0.6174023007261157
191,0.75,11,14,0.7293236150017678,0.6143020314922085
192,0.75,12,9,0.639247735864451,0.6224606347393327
193,0.75,12,10,0.6507655905790204,0.6197275026515461
194,0.75,12,11,0.6634529087002639,0.6197275026515461
195,0.75,12,12,0.6803421360385107,0.6210736721873216
196,0.75,12,13,0.7033914438793549,0.6174023007261157
197,0.75,12,14,0.7313497783458892,0.6136493432324386
198,0.75,13,9,0.6388805787484022,0.6211960512360284
199,0.75,13,10,0.6522886126900378,0.6199722607489597
200,0.75,13,11,0.6634665071119693,0.618340540099535
201,0.75,13,12,0.6796486170415296,0.6204617769437872
202,0.75,13,13,0.7025755391770241,0.6169535775475239
203,0.75,13,14,0.7320025021077539,0.6149139267357429
204,0.75,14,9,0.6388261851015802,0.620910500122379
205,0.75,14,10,0.6517446762218173,0.621236844252264
206,0.75,14,11,0.6642688134025946,0.619197193440483
207,0.75,14,12,0.6810492534471974,0.6201762258301379
208,0.75,14,13,0.7038809867007534,0.6192787794729542
209,0.75,14,14,0.7340422638635807,0.615974545157869
210,0.75,15,9,0.6382550518099486,0.6204209839275516
211,0.75,15,10,0.6514183143408849,0.6211144652035572
212,0.75,15,11,0.6645951752835269,0.6208697071061434
213,0.75,15,12,0.6805869074492099,0.6206657420249653
214,0.75,15,13,0.7041665533465691,0.6184629191482418
215,0.75,15,14,0.7356060812097147,0.6180957820021212
216,0.75,16,9,0.6390301612771628,0.6205841559924941
217,0.75,16,10,0.6513911175174739,0.6209512931386146
218,0.75,16,11,0.6651119149283363,0.6193195724891899
219,0.75,16,12,0.6819331502080557,0.6224198417230971
220,0.75,16,13,0.7052544262830102,0.6187484702618912
221,0.75,16,14,0.7363267970301068,0.6171983356449375
222,0.75,17,9,0.6388125866898746,0.6202578118626091
223,0.75,17,10,0.6514183143408849,0.6215223953659134
224,0.75,17,11,0.6648943403410482,0.6194419515378967
225,0.75,17,12,0.6824906850879817,0.6220934975932121
226,0.75,17,13,0.7062471103375125,0.6176470588235294
227,0.75,17,14,0.7357828605618864,0.6189524353430693
228,0.75,18,9,0.6391389485708069,0.6208697071061434
229,0.75,18,10,0.6515271016345291,0.6217263604470915
230,0.75,18,11,0.6653702847507411,0.6195235375703679
231,0.75,18,12,0.6819875438548777,0.6211552582197928
232,0.75,18,13,0.7054991976937094,0.6183813331157706
233,0.75,18,14,0.7359868367374691,0.6192787794729542
234,0.75,19,9,0.6398596643911991,0.6216447744146202
235,0.75,19,10,0.6514999048111181,0.6214000163172065
236,0.75,19,11,0.6652886942805081,0.6202170188463735
237,0.75,19,12,0.6813620169164242,0.6222566696581545
238,0.75,19,13,0.7058119611629362,0.6193195724891899
239,0.75,19,14,0.7367347493812723,0.6193195724891899
240,0.7999999999999999,10,9,0.6373580143037442,0.6141961144255775
241,0.7999999999999999,10,10,0.6497494932497035,0.615776859925552
242,0.7999999999999999,10,11,0.6601139710100585,0.6175615725868135
243,0.7999999999999999,10,12,0.6755140806466007,0.6152159502320127
244,0.7999999999999999,10,13,0.6978620874287681,0.6177145479577788
245,0.7999999999999999,10,14,0.7255771854004921,0.6116975166998113
246,0.7999999999999999,11,9,0.6376257314414656,0.6140941308449339
247,0.7999999999999999,11,10,0.6503231728305351,0.615572892764265
248,0.7999999999999999,11,11,0.6611720911258143,0.6187853755545357
249,0.7999999999999999,11,12,0.6770693897324104,0.6170006628932742
250,0.7999999999999999,11,13,0.6990221950255606,0.6168476875223089
251,0.7999999999999999,11,14,0.7267882867378029,0.6133802457804294
252,0.7999999999999999,12,9,0.6383396438087224,0.6150119830707256
253,0.7999999999999999,12,10,0.6506546321439043,0.6163377696190914
254,0.7999999999999999,12,11,0.6618732550579416,0.6192952934577532
255,0.7999999999999999,12,12,0.6783952269858875,0.6179185151190658
256,0.7999999999999999,12,13,0.6997106105225583,0.6151649584416908
257,0.7999999999999999,12,14,0.7272982241429864,0.6131252868288206
258,0.7999999999999999,13,9,0.6391937889624049,0.6156748763449085
259,0.7999999999999999,13,10,0.6512283117247358,0.6177655397481006
260,0.7999999999999999,13,11,0.6616820285309978,0.6203151292641884
261,0.7999999999999999,13,12,0.6784207238561467,0.6180714904900311
262,0.7999999999999999,13,13,0.7007687306383141,0.6156238845545867
263,0.7999999999999999,13,14,0.7278336584184292,0.6150119830707256
264,0.7999999999999999,14,9,0.6391937889624049,0.6152669420223345
265,0.7999999999999999,14,10,0.6517127522596601,0.6165417367803784
266,0.7999999999999999,14,11,0.6631353501357709,0.6201111621029014
267,0.7999999999999999,14,12,0.6792621205746995,0.6181734740706746
268,0.7999999999999999,14,13,0.7013041649137568,0.6157258681352302
269,0.7999999999999999,14,14,0.7280631302507617,0.6149609912804038
270,0.7999999999999999,15,9,0.6391682920921457,0.6147570241191168
271,0.7999999999999999,15,10,0.6520952053135478,0.6172046300545612
272,0.7999999999999999,15,11,0.6632118407465484,0.6200091785222579
273,0.7999999999999999,15,12,0.6797975548501421,0.6188873591351792
274,0.7999999999999999,15,13,0.7029742099157329,0.6177145479577788
275,0.7999999999999999,15,14,0.7287005520072412,0.615572892764265
276,0.7999999999999999,16,9,0.6390153108705906,0.615368925602978
277,0.7999999999999999,16,10,0.6524521614971762,0.6184794248126052
278,0.7999999999999999,16,11,0.6638492625030278,0.620417112844832
279,0.7999999999999999,16,12,0.6808429265307684,0.6171536382642394
280,0.7999999999999999,16,13,0.7029232161752145,0.6185814083932487
281,0.7999999999999999,16,14,0.7293762190691093,0.6152669420223345
282,0.7999999999999999,17,9,0.6388878265192948,0.615980827086839
283,0.7999999999999999,17,10,0.6516617585191418,0.6182244658609963
284,0.7999999999999999,17,11,0.6635560484950472,0.6202131456835449
285,0.7999999999999999,17,12,0.6807154421794724,0.6175105807964918
286,0.7999999999999999,17,13,0.7032036817480655,0.61832644944164
287,0.7999999999999999,17,14,0.7295037034204052,0.614502065167508
288,0.7999999999999999,18,9,0.639436009229867,0.6166947121513436
289,0.7999999999999999,18,10,0.6519549725271223,0.6180204986997093
290,0.7999999999999999,18,11,0.6637345265868615,0.6209270307480496
291,0.7999999999999999,18,12,0.6796063283231983,0.6168986793126306
292,0.7999999999999999,18,13,0.7037901097640265,0.6188363673448575
293,0.7999999999999999,18,14,0.7313394780790657,0.6151139666513691
294,0.7999999999999999,19,9,0.6392575311380528,0.6166437203610219
295,0.7999999999999999,19,10,0.6521844443594549,0.6182244658609963
296,0.7999999999999999,19,11,0.6635178031896585,0.6205190964254755
297,0.7999999999999999,19,12,0.6798867938960492,0.6175615725868135
298,0.7999999999999999,19,13,0.7045167705664129,0.6187853755545357
299,0.7999999999999999,19,14,0.7325505794163767,0.6138901636836469
300,0.8499999999999999,10,9,0.6398181032827798,0.6174190916508023
301,0.8499999999999999,10,10,0.6467652140526012,0.6127957574109328
302,0.8499999999999999,10,11,0.6610193895181417,0.615787326624966
303,0.8499999999999999,10,12,0.6771093300057592,0.6146994832744085
304,0.8499999999999999,10,13,0.6975547129967364,0.6163312483002448
305,0.8499999999999999,10,14,0.7188879823382607,0.611843894479195
306,0.8499999999999999,11,9,0.6406579957765406,0.6180310035354909
307,0.8499999999999999,11,10,0.6468372048377807,0.6132716888768017
308,0.8499999999999999,11,11,0.6619672681896718,0.6168751699755235
309,0.8499999999999999,11,12,0.6771573238625456,0.6153793853685069
310,0.8499999999999999,11,13,0.6974707237473603,0.6162632580908349
311,0.8499999999999999,11,14,0.7191639470147821,0.6120478651074245
312,0.8499999999999999,12,9,0.6411139374160107,0.6171471308131629
313,0.8499999999999999,12,10,0.6477970819735074,0.6128637476203427
314,0.8499999999999999,12,11,0.6620392589748512,0.6165352189284743
315,0.8499999999999999,12,12,0.678237185640238,0.6134076692956214
316,0.8499999999999999,12,13,0.6999784027644461,0.6166032091378841
317,0.8499999999999999,12,14,0.7203277980418507,0.6125917867827033
318,0.8499999999999999,13,9,0.6414019005567287,0.6178950231166712
319,0.8499999999999999,13,10,0.6472931464772509,0.6144275224367691
320,0.8499999999999999,13,11,0.6627831637550393,0.6159912972531956
321,0.8499999999999999,13,12,0.678813111921674,0.6146314930649986
322,0.8499999999999999,13,13,0.7014302169322326,0.6168751699755235
323,0.8499999999999999,13,14,0.7213716644269533,0.6111639923850966
324,0.8499999999999999,14,9,0.6418098483394126,0.6178950231166712
325,0.8499999999999999,14,10,0.6478690727586869,0.6158553168343759
326,0.8499999999999999,14,11,0.6628551545402188,0.616671199347294
327,0.8499999999999999,14,12,0.6788971011710501,0.6161272776720152
328,0.8499999999999999,14,13,0.7016821846803609,0.6176910524884417
329,0.8499999999999999,14,14,0.7221755615281245,0.610960021756867
330,0.8499999999999999,15,9,0.6410899404876176,0.6176910524884417
331,0.8499999999999999,15,10,0.6475691111537724,0.6155833559967365
332,0.8499999999999999,15,11,0.6625191975427145,0.6168071797661137
333,0.8499999999999999,15,12,0.6791610673833749,0.6176230622790319
334,0.8499999999999999,15,13,0.7015262046458053,0.6176910524884417
335,0.8499999999999999,15,14,0.7241673065847571,0.6111639923850966
336,0.8499999999999999,16,9,0.6412699174505663,0.6181669839543106
337,0.8499999999999999,16,10,0.6476890957957382,0.6152434049496872
338,0.8499999999999999,16,11,0.6628191591476291,0.6171471308131629
339,0.8499999999999999,16,12,0.6800969475907084,0.6176910524884417
340,0.8499999999999999,16,13,0.7019341524284891,0.6185069350013598
341,0.8499999999999999,16,14,0.7241073142637743,0.6122518357356541
342,0.8499999999999999,17,9,0.6404660203493953,0.6174870818602122
343,0.8499999999999999,17,10,0.6478330773660972,0.6146314930649986
344,0.8499999999999999,17,11,0.6626391821846803,0.6155833559967365
345,0.8499999999999999,17,12,0.6792090612401612,0.6180989937449007
346,0.8499999999999999,17,13,0.7030020157419851,0.6172831112319825
347,0.8499999999999999,17,14,0.7247192359378,0.614495512646179
348,0.8499999999999999,18,9,0.6406339988481474,0.6164672287190645
349,0.8499999999999999,18,10,0.6480010558648494,0.6155833559967365
350,0.8499999999999999,18,11,0.6629751391821846,0.6171471308131629
351,0.8499999999999999,18,12,0.678813111921674,0.6168071797661137
352,0.8499999999999999,18,13,0.7038899020925321,0.6182349741637204
353,0.8499999999999999,18,14,0.7239753311576118,0.6140195811803101
354,0.8499999999999999,19,9,0.6406819927049338,0.6159233070437857
355,0.8499999999999999,19,10,0.6483850067191399,0.6155833559967365
356,0.8499999999999999,19,11,0.6636590516413899,0.6164672287190645
357,0.8499999999999999,19,12,0.6795090228450759,0.6165352189284743
358,0.8499999999999999,19,13,0.7044898253023613,0.6194587979330977
359,0.8499999999999999,19,14,0.7266149932808601,0.6142915420179494
360,0.8999999999999999,10,9,0.6397910386873059,0.6144197430144809
361,0.8999999999999999,10,10,0.6462049271355076,0.6128900673057311
362,0.8999999999999999,10,11,0.6580581556104526,0.6165612890067306
363,0.8999999999999999,10,12,0.6767445549939941,0.616051397103814
364,0.8999999999999999,10,13,0.6979806450150715,0.6189067917601468
365,0.8999999999999999,10,14,0.7197720009972124,0.6120742402610646
366,0.8999999999999999,11,9,0.6395870634363031,0.6149296349173975
367,0.8999999999999999,11,10,0.6466468735126805,0.6154395268203141
368,0.8999999999999999,11,11,0.6577181968587812,0.6168672241484805
369,0.8999999999999999,11,12,0.6758493302812592,0.6154395268203141
370,0.8999999999999999,11,13,0.6990458491036421,0.6181929430960637
371,0.8999999999999999,11,14,0.7211205040455091,0.613807872730981
372,0.8999999999999999,12,9,0.6405389479409832,0.6156434835814807
373,0.8999999999999999,12,10,0.64653355392879,0.6150316132979808
374,0.8999999999999999,12,11,0.6581148154023978,0.6191107485213135
375,0.8999999999999999,12,12,0.6757133467805906,0.6169692025290638
376,0.8999999999999999,12,13,0.697391383178841,0.6159494187232307
377,0.8999999999999999,12,14,0.7214604627971806,0.6161533754843973
378,0.8999999999999999,13,9,0.6406522675248737,0.615745461962064
379,0.8999999999999999,13,10,0.6467148652630148,0.6149296349173975
380,0.8999999999999999,13,11,0.6591913514493575,0.6184988782378136
381,0.8999999999999999,13,12,0.6765179158262131,0.6193147052824801
382,0.8999999999999999,13,13,0.6996124470230946,0.6186008566183969
383,0.8999999999999999,13,14,0.7225483308025293,0.6140118294921476
384,0.8999999999999999,14,9,0.6411395417356027,0.6170711809096472
385,0.8999999999999999,14,10,0.6476780817260839,0.614113807872731
386,0.8999999999999999,14,11,0.6593160029916371,0.6170711809096472
387,0.8999999999999999,14,12,0.6777417673322303,0.617683051193147
388,0.8999999999999999,14,13,0.6991818326043107,0.6201305323271467
389,0.8999999999999999,14,14,0.7256192915259615,0.6165612890067306
390,0.8999999999999999,15,9,0.6414795004872742,0.6165612890067306
391,0.8999999999999999,15,10,0.6478480611019196,0.6166632673873139
392,0.8999999999999999,15,11,0.6597352854520319,0.6155415052008975
393,0.8999999999999999,15,12,0.6786256600865762,0.6186008566183969
394,0.8999999999999999,15,13,0.6994651315640369,0.62023251070773
395,0.8999999999999999,15,14,0.7260725698615235,0.6150316132979808
396,0.8999999999999999,16,9,0.640731591233597,0.6171731592902304
397,0.8999999999999999,16,10,0.6476327538925277,0.6167652457678972
398,0.8999999999999999,16,11,0.6597012895768647,0.615745461962064
399,0.8999999999999999,16,12,0.6788069714208009,0.6178870079543137
400,0.8999999999999999,16,13,0.6993858078553136,0.6193147052824801
401,0.8999999999999999,16,14,0.7275003966185436,0.6146236997756476
402,0.8999999999999999,17,9,0.6404482922738708,0.6169692025290638
403,0.8999999999999999,17,10,0.6479500487274211,0.6154395268203141
404,0.8999999999999999,17,11,0.6599165967862566,0.6154395268203141
405,0.8999999999999999,17,12,0.6790336105885819,0.6175810728125637
406,0.8999999999999999,17,13,0.7000997212338236,0.6193147052824801
407,0.8999999999999999,17,14,0.7271491059084831,0.6152355700591474
408,0.8999999999999999,18,9,0.640731591233597,0.6169692025290638
409,0.8999999999999999,18,10,0.6478933889354759,0.6167652457678972
410,0.8999999999999999,18,11,0.660007252453369,0.6153375484397308
411,0.8999999999999999,18,12,0.67881830337919,0.6186008566183969
412,0.8999999999999999,18,13,0.7002357047344923,0.6187028349989803
413,0.8999999999999999,18,14,0.7284749450400018,0.6145217213950642
414,0.8999999999999999,19,9,0.6408222469007094,0.6165612890067306
415,0.8999999999999999,19,10,0.6481540239784239,0.6162553538649806
416,0.8999999999999999,19,11,0.6604491988305419,0.6158474403426474
417,0.8999999999999999,19,12,0.6795662126328672,0.6184988782378136
418,0.8999999999999999,19,13,0.700881626362668,0.6198245971853967
419,0.8999999999999999,19,14,0.72849760895678,0.6150316132979808
420,0.95,10,9,0.6369257855693566,0.6230879053640628
421,0.95,10,10,0.6472318543408947,0.6208443809912298
422,0.95,10,11,0.657119239068589,0.6214562512747298
423,0.95,10,12,0.6763250276438824,0.6212522945135631
424,0.95,10,13,0.6891217297018755,0.62023251070773
425,0.95,10,14,0.7144252756336622,0.61962064042423
426,0.95,11,9,0.6367218112915866,0.6208443809912298
427,0.95,11,10,0.6471459704344652,0.6210483377523965
428,0.95,11,11,0.6566683485598342,0.6232918621252295
429,0.95,11,12,0.6769584214537998,0.616357332245564
430,0.95,11,13,0.6900986591375109,0.6192127269018968
431,0.95,11,14,0.7156813277651934,0.6198245971853967
432,0.95,12,9,0.6376772697506146,0.6239037324087293
433,0.95,12,10,0.6471352349461615,0.6186008566183969
434,0.95,12,11,0.6570977680919816,0.6228839486028962
435,0.95,12,12,0.6763679695970971,0.6220681215582297
436,0.95,12,13,0.6908823497836799,0.6188048133795635
437,0.95,12,14,0.7168837024552062,0.6194166836630635
438,0.95,13,9,0.6376128568207925,0.6224760350805629
439,0.95,13,10,0.6463300733233851,0.6198245971853967
440,0.95,13,11,0.6576023360422549,0.6251274729757291
441,0.95,13,12,0.676851066570763,0.6212522945135631
442,0.95,13,13,0.6922135503333369,0.62023251070773
443,0.95,13,14,0.7166045797593104,0.6161533754843973
444,0.95,14,9,0.6372693211950745,0.6232918621252295
445,0.95,14,10,0.6459972731859709,0.6169692025290638
446,0.95,14,11,0.6583645557118165,0.6251274729757291
447,0.95,14,12,0.6772053376847846,0.6186008566183969
448,0.95,14,13,0.6921920793567296,0.6206404242300633
449,0.95,14,14,0.7168944379435098,0.61962064042423
450,0.95,15,9,0.6377094762155257,0.6224760350805629
451,0.95,15,10,0.6464159572298146,0.6177850295737304
452,0.95,15,11,0.6585041170597644,0.6255353864980624
453,0.95,15,12,0.6770765118251404,0.6175810728125637
454,0.95,15,13,0.6926859118186991,0.62023251070773
455,0.95,15,14,0.7186013805837959,0.6204364674688966
456,0.95,16,9,0.6380100698880289,0.6243116459310626
457,0.95,16,10,0.6466521379724957,0.6171731592902304
458,0.95,16,11,0.658997949521734,0.6245156026922293
459,0.95,16,12,0.6774415184274657,0.6159494187232307
460,0.95,16,13,0.6927503247485212,0.6194166836630635
461,0.95,16,14,0.7189771226744248,0.6216602080358964
462,0.95,17,9,0.6381281602593694,0.6230879053640628
463,0.95,17,10,0.6458684473263266,0.61962064042423
464,0.95,17,11,0.6585577945012829,0.6236997756475627
465,0.95,17,12,0.6772697506146067,0.6135019375892311
466,0.95,17,13,0.6922135503333369,0.61962064042423
467,0.95,17,14,0.7195568390428239,0.6208443809912298
468,0.95,18,9,0.6383213990488358,0.6236997756475627
469,0.95,18,10,0.6462119829520446,0.6173771160513971
470,0.95,18,11,0.6591589818462893,0.6249235162145625
471,0.95,18,12,0.6764216470386155,0.6175810728125637
472,0.95,18,13,0.6936413702777271,0.6230879053640628
473,0.95,18,14,0.7197393423439865,0.6208443809912298
474,0.95,19,9,0.6377202117038293,0.6208443809912298
475,0.95,19,10,0.6472855317824131,0.6171731592902304
476,0.95,19,11,0.6588798591503935,0.6228839486028962
477,0.95,19,12,0.676851066570763,0.6165612890067306
478,0.95,19,13,0.6948866869209546,0.6232918621252295
479,0.95,19,14,0.720200968341045,0.6216602080358964
